283,282
283,268
283,1765
283,119
283,385
283,386
283,1811
283,278
283,279
283,1764
283,1759
283,284
283,342
283,384
283,1795
283,1798
283,1806
283,1862
283,2223
329,330
329,348
329,390
329,264
329,1759
329,321
329,359
441,1779
441,1759
441,397
441,444
1820,1821
1820,1811
1820,209
1820,1801
1820,1814
1820,2178
1820,2201
1828,1829
1828,1811
1828,2782
1846,1847
1846,1837
1846,1842
1846,1843
1846,1811
1846,1853
1846,2805
1846,3085
1851,1852
1851,1866
1851,1811
1855,1856
1855,359
1855,1818
1855,1842
1855,1862
1855,1828
1855,1835
1855,1837
1855,1843
1855,1854
1855,1811
1855,1866
1855,1874
1897,1898
1897,1893
1897,1928
1977,1978
1977,2012
1977,378
1977,2017
1977,1986
1977,1988
1977,1995
1979,1980
1979,378
1979,1982
1979,1928
2350,29
2350,285
2707,2708
2707,2701
2707,2705
2707,366
2707,2710
2707,2721
2768,2770
2768,2836
2768,2769
2768,2876
2892,2891
2892,3355
2892,3356
2941,2899
2941,2912
3076,3077
3076,282
3076,1989
282,283
282,268
330,329
1779,441
1779,442
1779,1751
1821,1820
1829,1828
1829,1818
1829,3157
1829,2808
1847,1846
1852,1851
1856,1855
1898,1897
1898,1895
1978,1977
1978,378
1978,2150
1980,1979
1980,1995
2708,2707
2770,2768
3077,3076
3077,3495
3077,3496
3077,3497
2,0
2,237
3,0
3,9
3,16
3,20
3,26
3,28
3,30
3,2408
3,1744
3,1989
3,4
4,2408
4,1
4,366
4,2410
4,2611
8,0
8,285
8,1
8,2273
8,2274
8,2275
9,0
9,28
9,264
9,268
9,29
9,1989
9,60
10,0
10,1
10,2314
10,4700
11,0
11,1989
11,27
11,1
11,1893
12,0
12,29
12,268
12,14
16,264
16,1753
16,2729
17,264
17,1
17,0
17,1744
17,1811
17,29
17,4
17,489
18,268
18,1
18,1744
18,1989
18,2410
20,264
20,2410
20,268
20,359
20,2510
21,264
21,475
21,9
21,1
21,312
21,2260
21,3165
27,0
28,0
28,2725
28,29
28,359
28,1989
30,29
30,268
30,384
30,44
30,2507
31,29
31,328
31,1744
32,29
32,1759
32,1989
33,29
33,1811
33,1858
33,180
33,1989
33,2289
34,29
34,378
34,471
35,29
35,15
36,29
36,359
36,1759
36,44
37,29
37,359
37,36
37,44
37,268
37,40
37,43
37,53
37,2475
38,29
38,359
38,53
38,36
38,41
38,43
38,45
38,47
38,2475
39,29
39,359
39,443
39,1759
39,36
39,2725
39,1744
39,41
39,49
40,29
40,359
40,1744
40,1749
40,1759
40,44
40,36
40,39
40,328
40,41
40,49
40,50
41,29
41,359
41,1759
41,44
41,50
41,36
41,2725
42,29
42,359
42,1744
42,1749
42,366
42,36
42,40
43,29
43,2504
43,2505
43,2554
45,44
45,40
45,47
45,48
45,2488
45,1989
45,328
45,61
45,2291
45,2426
45,2504
46,44
46,1759
46,38
46,2410
46,1989
46,359
47,44
47,41
47,29
47,1744
47,2286
47,2289
47,3156
48,44
48,1744
48,40
48,366
48,1759
48,61
48,2341
48,328
48,359
48,2291
48,3153
49,44
49,359
50,44
50,47
50,1759
50,359
51,44
51,40
51,47
52,384
52,47
52,29
52,0
52,2418
52,2422
52,2423
52,2432
52,30
52,45
52,285
52,359
52,1744
52,54
52,55
52,57
52,58
52,60
52,64
52,449
52,2004
52,2421
52,2472
53,29
53,359
54,55
54,2292
54,2426
54,29
54,2424
59,366
59,2646
59,2466
59,29
59,58
59,2118
59,2618
59,2647
59,2648
59,2720
59,2901
59,2949
59,2952
61,29
61,1
61,328
61,2004
61,2512
62,29
62,61
62,359
62,1759
109,2181
112,111
112,217
116,115
116,168
116,4689
118,0
118,2158
118,272
123,0
125,0
131,115
132,115
132,116
133,275
135,134
135,0
138,1821
138,0
140,217
144,0
144,217
145,0
145,268
146,0
146,2181
149,1811
149,1821
168,1811
168,216
180,1811
180,1759
180,359
205,1811
205,217
206,1821
209,1821
216,1811
216,1744
216,1798
238,237
238,264
238,0
239,237
240,237
240,1989
241,237
241,312
241,384
243,237
243,2158
243,1928
244,237
244,395
245,237
245,1759
245,264
245,29
245,1764
246,237
265,264
265,44
265,277
265,36
265,273
265,3148
265,3158
265,436
265,446
265,2317
265,2319
265,2336
265,2340
265,2346
267,264
273,2204
273,264
273,268
273,1893
273,355
273,2163
287,453
287,285
287,289
287,290
288,454
288,285
288,1893
288,289
291,309
291,285
304,303
304,305
305,303
305,268
305,312
306,303
306,305
306,312
310,309
310,311
310,292
310,293
311,309
313,312
313,433
313,355
313,1896
313,36
313,256
313,298
313,303
313,348
313,371
313,375
313,384
313,405
313,409
313,425
313,440
313,1760
313,1901
313,2292
313,2293
313,2336
313,2348
313,4648
323,312
323,478
327,1764
327,2471
327,54
327,432
327,434
327,2429
327,2470
327,2476
327,2510
327,4679
336,268
336,1759
336,2602
336,402
349,348
349,275
349,309
350,348
354,4649
354,1
356,355
357,355
357,348
361,359
362,359
362,2152
362,2153
362,285
362,1766
362,2298
365,364
367,359
367,366
367,1759
369,378
369,379
370,378
370,380
370,1858
371,312
371,321
371,1759
371,405
371,2174
372,312
372,2315
374,355
379,378
379,381
379,382
379,246
379,383
379,1986
380,378
380,381
380,382
380,2208
380,348
380,383
380,1937
380,1954
382,378
382,1893
382,400
383,264
383,378
385,384
385,268
385,378
385,417
385,2035
385,2246
385,333
385,334
385,377
385,264
385,391
385,412
385,1757
385,1994
385,2021
385,4187
386,384
386,417
387,384
387,1936
387,2178
387,268
387,377
387,389
387,417
388,321
388,384
388,1759
388,2320
388,333
388,264
388,414
388,2162
388,2325
388,2331
389,384
389,1764
389,268
390,348
390,384
390,268
390,1759
390,321
390,396
391,264
391,384
391,355
391,29
392,268
392,264
396,384
396,348
397,1759
397,1747
397,264
397,366
397,359
397,384
397,395
397,417
397,1773
397,1777
397,1781
398,397
398,1759
398,395
399,395
399,1744
401,1764
401,264
401,312
401,268
401,366
403,395
403,366
403,359
403,27
403,364
403,3501
403,1764
403,328
403,29
404,395
404,242
404,264
404,359
404,1893
405,264
405,348
405,377
405,384
405,417
408,384
408,355
408,264
409,384
409,312
409,420
410,264
410,348
410,272
411,264
411,410
411,348
414,1759
414,268
414,359
414,366
414,364
414,415
414,450
415,1759
415,366
415,359
415,237
432,312
432,313
432,355
433,366
433,384
433,264
433,249
433,408
433,435
433,1756
433,2327
433,4231
433,36
433,52
433,65
433,298
433,325
433,326
433,327
433,396
433,404
433,421
433,422
433,423
433,268
433,1759
433,436
433,451
433,455
433,1760
433,2282
433,2411
433,2426
433,2432
433,3153
434,366
434,384
434,433
434,264
435,384
435,419
435,1989
436,384
436,366
436,420
436,434
436,264
437,321
438,321
438,2158
438,430
438,419
438,1744
438,264
438,366
438,2163
438,2246
438,2308
438,2319
438,2329
438,2345
438,2346
439,321
439,264
439,355
440,312
440,1759
440,27
440,29
440,446
442,1759
442,366
442,445
443,1759
443,41
443,49
443,438
443,2158
443,430
443,366
443,2321
443,42
443,1744
443,1811
443,29
443,355
443,1773
443,2342
443,2764
443,2962
443,3147
443,3148
443,3149
443,3498
444,1759
444,256
445,1759
445,237
445,366
446,1759
446,366
448,1759
448,2310
448,2341
448,29
448,328
448,359
448,321
449,0
449,237
449,244
449,268
449,2020
451,1
451,309
451,285
451,303
451,268
452,1
452,384
452,268
452,328
452,474
455,1
455,377
455,452
456,1
456,8
456,29
456,264
456,17
456,399
456,419
456,467
456,469
456,470
456,3168
456,4206
456,4228
456,4691
457,1
457,458
457,378
457,2408
457,2410
457,479
457,480
457,489
457,2295
457,2357
458,1
458,489
458,18
465,1
465,2408
466,1
466,264
467,1
467,422
467,449
467,264
467,472
467,474
468,1
468,471
468,264
468,469
468,470
471,1
471,2899
471,4239
472,1
472,328
473,1
473,2778
473,15
473,4689
474,1
474,4700
474,16
474,1905
474,4629
474,4637
474,4645
474,4646
474,4659
474,4691
478,1
478,285
478,29
479,1
479,1759
479,264
480,0
480,312
480,2304
480,2330
483,1
483,115
488,1
488,475
488,4691
488,264
1745,1744
1745,29
1745,1811
1745,285
1745,1793
1745,149
1745,1759
1745,0
1745,1798
1745,1754
1745,1767
1745,1774
1745,1777
1745,1801
1745,1816
1745,2308
1745,2321
1746,1744
1746,1745
1746,479
1746,1811
1746,285
1746,2314
1746,27
1746,1798
1746,2778
1747,1744
1747,1759
1747,1749
1747,1772
1748,1744
1748,1759
1748,27
1749,29
1749,1744
1749,44
1749,446
1749,1811
1749,1750
1750,29
1750,1744
1750,1759
1751,60
1751,1744
1751,1759
1751,29
1751,366
1752,1744
1752,366
1752,359
1752,29
1752,0
1752,264
1752,1759
1753,1744
1753,1745
1753,264
1754,1744
1754,366
1754,3086
1754,22
1754,42
1754,1751
1754,1753
1754,1759
1754,4662
1754,268
1754,3153
1754,3156
1754,3167
1757,2158
1757,2161
1757,2162
1757,20
1757,145
1757,472
1757,1755
1757,321
1757,264
1757,1760
1757,1769
1757,1786
1757,1789
1757,1919
1757,2205
1757,2296
1757,2309
1757,2317
1757,4689
1760,1759
1760,348
1760,1
1760,55
1760,283
1760,441
1760,264
1760,312
1760,359
1760,268
1760,1784
1760,2355
1760,2423
1760,2430
1760,2431
1760,2467
1760,2500
1760,2950
1760,2961
1761,328
1761,1763
1762,328
1762,332
1762,359
1762,366
1763,328
1763,312
1763,268
1763,264
1765,1764
1765,433
1765,2431
1765,25
1765,55
1765,401
1765,264
1765,268
1765,1766
1765,2430
1765,2906
1765,2950
1765,3031
1766,359
1766,1764
1766,285
1766,268
1766,2201
1767,1759
1767,430
1767,1744
1768,1759
1768,430
1768,378
1768,384
1769,1759
1769,264
1769,366
1770,1759
1770,321
1770,366
1770,264
1771,1759
1771,355
1771,321
1771,29
1772,448
1772,1759
1772,364
1772,264
1772,285
1772,29
1772,1744
1773,1744
1773,1811
1773,1759
1773,359
1774,1744
1774,1750
1774,1759
1774,62
1774,1749
1774,268
1774,1777
1774,1793
1775,1759
1775,1772
1776,397
1776,1759
1777,1744
1777,4646
1782,1781
1790,359
1790,1781
1790,328
1790,285
1790,1759
1791,359
1791,1811
1791,285
1791,1759
1791,1744
1791,1842
1792,359
1792,1790
1792,328
1792,1811
1793,359
1793,1790
1793,1811
1793,1759
1793,268
1793,328
1794,359
1794,1759
1794,1798
1794,1790
1794,328
1796,1799
1796,1759
1796,1756
1796,366
1796,1801
1796,1862
1796,359
1796,2725
1796,1811
1796,3123
1796,3153
1805,1800
1805,17
1805,1759
1805,26
1805,1772
1805,1794
1805,1811
1805,285
1805,1809
1805,1814
1805,4633
1806,1801
1806,1759
1806,1811
1806,364
1807,1798
1807,1811
1807,1821
1807,2905
1807,1747
1807,1805
1807,285
1807,1759
1807,1810
1808,1798
1808,366
1808,1749
1808,1807
1808,268
1808,1759
1810,1798
1810,268
1810,1759
1810,285
1810,430
1810,366
1810,2905
1814,1821
1814,2158
1814,26
1814,1811
1814,1989
1818,1811
1818,1759
1819,1811
1819,1744
1819,28
1822,1811
1822,268
1822,1759
1823,1811
1823,1864
1824,1811
1824,1770
1824,1744
1825,1811
1825,1822
1825,268
1826,1811
1826,282
1826,2995
1826,1880
1827,1811
1827,1759
1842,1811
1842,268
1842,359
1843,1811
1843,1864
1843,328
1844,1811
1844,328
1845,1811
1845,2782
1845,2725
1872,1866
1872,359
1872,1811
1872,1860
1878,1811
1878,1858
1878,2077
1879,1811
1896,1893
1896,1895
1896,378
1896,1897
1896,1907
1899,1893
1899,2158
1899,312
1899,1911
1900,1893
1901,1893
1901,1900
1901,378
1902,1893
1902,1904
1903,1893
1903,1928
1904,1893
1905,335
1905,378
1905,1893
1905,1928
1905,1989
1906,335
1906,1928
1906,1989
1918,0
1918,27
1918,117
1918,259
1918,1989
1918,2158
1918,2294
1918,4632
1918,4668
1918,4669
1919,0
1919,13
1919,1893
1919,1744
1919,1989
1919,1
1919,4645
1920,0
1920,1918
1920,2158
1935,1933
1935,2215
1938,1928
1938,1941
1952,1928
1952,1938
1952,1940
1952,1945
1953,1928
1954,1928
1954,1947
1955,377
1955,2338
1955,1989
1958,1928
1959,1928
1959,1958
1960,1928
1966,4168
1966,1928
1969,378
1969,382
1981,378
1981,1978
1981,1928
1984,1977
1984,1928
1986,272
1987,421
1990,1989
1990,1987
1990,1993
1990,1994
1990,2008
1990,2143
1990,0
1990,2005
1992,1989
1992,1858
1992,1990
1992,2017
1992,2292
1994,355
1994,384
1994,3501
1994,378
1994,377
1994,1989
1996,1858
1996,355
1996,1994
1996,1989
1996,312
2000,1999
2000,366
2000,2017
2000,2962
2003,1989
2003,1998
2003,2008
2003,2012
2003,2167
2003,1996
2003,2017
2003,29
2003,44
2003,2011
2003,2141
2004,1989
2004,29
2004,366
2004,2017
2004,1893
2005,1989
2005,2006
2005,312
2005,384
2005,1893
2005,268
2006,1989
2006,1
2006,1893
2006,1928
2008,1989
2008,2077
2008,1913
2008,1915
2008,1988
2008,0
2008,2012
2008,2067
2008,2114
2008,2214
2009,1989
2009,1893
2009,2017
2010,1989
2010,1928
2011,1989
2011,1893
2011,378
2012,1989
2012,1928
2012,2043
2013,1989
2013,359
2013,1
2014,1989
2015,1989
2015,359
2015,2132
2015,2016
2015,2036
2015,2262
2015,2277
2015,2279
2015,2291
2016,1989
2016,359
2016,2279
2016,2017
2016,2260
2016,2294
2018,1989
2018,1918
2018,2009
2018,2025
2018,2029
2018,2051
2018,2273
2018,2292
2018,223
2018,229
2018,460
2018,2017
2018,2274
2018,2275
2018,2280
2018,2281
2018,2282
2018,2283
2018,2284
2018,2285
2018,2288
2018,2289
2018,2294
2018,3159
2019,430
2019,1989
2019,1909
2019,366
2019,29
2019,2017
2020,1989
2020,268
2020,359
2021,1989
2021,2026
2021,2035
2021,2122
2021,2177
2021,2180
2021,2199
2021,2017
2021,268
2021,285
2021,29
2022,1989
2022,1759
2022,366
2022,328
2022,268
2024,1989
2024,1
2025,1989
2025,2701
2026,454
2026,1989
2026,2024
2026,1928
2027,1989
2028,1989
2028,364
2029,1989
2029,2017
2029,268
2029,1858
2030,1989
2030,2021
2030,2024
2030,2025
2030,2138
2030,4224
2032,1989
2032,29
2032,2074
2033,1989
2033,1990
2033,2701
2033,272
2033,2281
2033,2290
2033,2294
2033,11
2033,174
2033,176
2033,223
2033,229
2033,1909
2033,2018
2033,2019
2033,268
2033,285
2033,29
2033,2284
2033,2286
2033,2288
2033,3030
2034,1989
2034,152
2034,2007
2034,268
2034,384
2034,2950
2036,1989
2036,174
2036,202
2036,366
2036,2017
2036,268
2036,359
2036,1759
2036,2219
2036,2292
2036,2293
2037,1989
2037,3159
2040,1989
2040,3058
2040,366
2040,2197
2040,2198
2040,2962
2051,1989
2051,268
2051,29
2051,2017
2051,366
2056,1989
2056,2089
2056,2962
2065,1989
2065,2079
2065,1914
2065,2077
2065,2294
2069,2066
2069,2065
2069,1989
2069,1858
2071,1989
2071,1858
2074,1989
2074,2158
2076,1989
2076,2294
2079,2077
2079,2089
2079,1989
2079,1915
2079,2078
2079,366
2079,2111
2080,2077
2080,2089
2081,2077
2081,2089
2081,366
2082,2077
2082,384
2082,2081
2082,2089
2082,2088
2082,2093
2082,2110
2083,0
2083,1989
2083,378
2083,2080
2085,2077
2085,2093
2085,2089
2085,2108
2085,2110
2088,2089
2088,366
2090,2089
2090,2109
2090,366
2090,2077
2091,2089
2091,366
2092,2089
2092,366
2092,2093
2093,2089
2094,2089
2094,2077
2095,2089
2096,2089
2096,2077
2097,2089
2097,2096
2098,2089
2098,2077
2098,2096
2099,2089
2099,2096
2100,2089
2100,1989
2100,2077
2101,2077
2101,2090
2101,2096
2101,1989
2101,2017
2102,2077
2102,2080
2102,2701
2102,2089
2102,1989
2102,359
2102,2579
2103,2077
2103,2110
2103,2080
2103,2095
2103,2107
2104,2077
2104,2080
2105,2077
2105,2080
2105,2104
2105,2089
2106,2077
2106,2080
2106,2089
2106,1989
2107,2077
2108,2077
2108,2089
2109,2077
2109,2089
2109,1989
2110,2077
2110,2089
2111,2089
2111,384
2111,2087
2111,1928
2111,1989
2112,2077
2112,1989
2112,366
2114,2113
2114,1928
2114,1893
2115,2113
2115,1989
2115,2078
2117,2116
2118,2116
2118,1989
2118,366
2123,2121
2123,1989
2123,2158
2128,2126
2131,2126
2137,29
2137,1928
2137,2408
2137,312
2137,1989
2139,7
2140,1989
2140,2292
2140,1897
2140,1905
2140,2017
2140,1
2141,2017
2141,1989
2142,1989
2142,1
2142,2017
2146,0
2147,0
2147,366
2148,0
2148,2053
2149,0
2149,1989
2149,2017
2161,2158
2161,384
2161,268
2161,285
2161,3
2161,18
2161,419
2161,430
2161,1919
2161,2061
2161,2154
2161,1989
2161,2165
2161,2166
2161,2182
2161,2183
2161,2184
2161,2202
2161,2203
2161,2205
2162,430
2162,2158
2162,2161
2162,384
2163,2158
2163,366
2163,321
2168,2156
2168,366
2169,272
2169,2158
2169,2161
2169,1989
2177,3501
2177,2161
2177,2180
2177,2169
2177,384
2180,3501
2180,384
2180,29
2180,321
2180,2778
2180,0
2182,2181
2182,2158
2183,2061
2183,2181
2183,1989
2184,2181
2184,2158
2184,359
2188,272
2188,2186
2198,3060
2201,1821
2201,1811
2201,2899
2201,206
2201,209
2201,2153
2201,2169
2201,268
2201,328
2201,1744
2201,2260
2201,1989
2201,2704
2201,2913
2206,1797
2206,1798
2206,268
2209,2211
2209,2210
2209,312
2209,2221
2209,1893
2209,0
2209,2224
2212,2159
2212,2122
2212,355
2212,2208
2212,2210
2212,1893
2212,378
2212,2215
2212,2293
2214,2159
2214,2212
2214,1936
2214,2208
2214,2216
2214,2292
2214,2123
2214,2220
2228,264
2228,2778
2236,1812
2236,1989
2241,2158
2241,2237
2241,384
2241,1915
2241,1989
2253,2252
2254,2252
2255,2252
2255,2253
2255,2778
2255,2701
2261,2260
2261,2701
2264,2260
2264,2706
2264,2158
2264,1989
2267,2260
2267,2701
2268,2260
2268,2267
2268,2701
2268,364
2268,268
2269,2260
2269,1989
2270,2701
2271,2701
2271,2933
2271,359
2273,2017
2273,26
2273,2055
2273,0
2274,2017
2274,2042
2274,2043
2275,2017
2275,1909
2275,2055
2276,2017
2276,2273
2277,2017
2277,359
2277,2066
2277,1989
2277,115
2278,29
2278,2017
2278,1989
2279,2017
2279,1989
2279,359
2279,2057
2279,2260
2280,2017
2280,1989
2280,2276
2280,1798
2280,366
2280,3042
2280,29
2280,44
2280,0
2280,2294
2281,2017
2281,27
2281,2408
2281,1989
2281,0
2282,2017
2282,1989
2282,0
2282,3042
2283,2017
2283,2701
2283,0
2283,1989
2283,29
2283,44
2283,2294
2285,2017
2285,268
2285,1989
2285,0
2287,1989
2287,2158
2287,26
2287,180
2287,1798
2287,2899
2287,3062
2287,328
2287,3166
2288,2017
2288,2276
2288,1893
2288,2294
2289,29
2289,2899
2289,2017
2289,1811
2289,44
2289,3062
2291,2017
2291,1989
2291,1744
2291,29
2291,2836
2291,3072
2291,2294
2292,2017
2292,384
2292,1989
2292,1893
2293,2017
2293,1989
2293,2408
2293,312
2293,348
2293,268
2293,366
2294,1989
2294,2017
2294,1821
2294,29
2294,2077
2302,14
2308,416
2308,2158
2308,321
2308,359
2308,366
2308,364
2309,2204
2309,328
2309,1759
2309,321
2309,2158
2309,1
2310,1744
2310,1759
2314,1744
2314,29
2314,321
2314,1759
2315,2158
2315,2408
2315,430
2315,2317
2315,2325
2315,2336
2316,1744
2316,2314
2316,1798
2316,29
2317,2158
2317,321
2318,1744
2318,1754
2318,2314
2318,1759
2320,2158
2320,384
2320,321
2321,1744
2321,2314
2321,1811
2321,264
2322,1744
2322,359
2322,2321
2322,1811
2323,2158
2323,2260
2323,2701
2323,430
2323,366
2323,321
2323,359
2335,384
2335,409
2335,2962
2336,384
2336,409
2336,2158
2336,2297
2336,2335
2336,377
2337,377
2337,1955
2338,377
2338,2337
2338,407
2339,377
2339,2337
2339,2338
2340,1778
2340,366
2340,264
2341,0
2341,1759
2341,264
2341,272
2341,321
2341,328
2341,15
2342,321
2342,312
2342,264
2342,355
2342,2962
2343,321
2343,355
2344,321
2344,438
2344,355
2360,272
2360,3501
2361,272
2361,3501
2361,366
2361,2260
2409,2408
2409,2602
2409,1
2409,2429
2409,2430
2409,2431
2409,2463
2411,4
2411,2408
2411,268
2412,4
2412,2408
2412,268
2413,4
2413,2408
2413,29
2416,2410
2416,366
2416,29
2416,336
2416,2458
2416,27
2416,28
2416,2677
2416,2973
2420,282
2420,2416
2420,2500
2423,384
2423,2418
2423,2421
2423,29
2423,366
2423,4
2423,2473
2426,44
2426,55
2426,29
2426,384
2426,2428
2426,2429
2426,2431
2427,29
2427,2430
2427,2431
2427,2432
2429,54
2429,55
2429,2430
2429,2416
2429,29
2429,384
2430,55
2430,2416
2430,384
2430,2470
2430,2471
2431,56
2431,1759
2431,384
2431,2416
2431,2429
2431,2430
2431,44
2431,2470
2433,2673
2433,2423
2433,2424
2433,2432
2433,2458
2433,2466
2433,2489
2433,2490
2434,2433
2434,2673
2436,2435
2441,2440
2445,2444
2446,2444
2459,2458
2459,2701
2459,2677
2459,2602
2460,2408
2463,2462
2463,384
2466,366
2466,2408
2466,2462
2466,2463
2466,2465
2466,384
2466,2602
2466,29
2466,2551
2472,2468
2487,2481
2487,2495
2488,29
2488,44
2490,2676
2490,2419
2490,29
2490,366
2490,359
2498,29
2498,61
2498,1
2498,384
2504,29
2509,268
2509,28
2509,384
2509,359
2509,29
2509,2410
2509,264
2509,4
2512,29
2512,359
2512,268
2512,0
2513,60
2513,264
2513,29
2513,384
2513,268
2513,1764
2518,282
2518,2524
2523,2458
2524,2454
2524,2602
2527,2602
2527,2528
2532,2517
2534,2688
2534,2677
2535,2677
2535,1744
2540,2562
2540,359
2540,366
2540,2579
2540,272
2541,3029
2541,2602
2541,2725
2541,3072
2541,3062
2542,3030
2542,2602
2542,2409
2542,2416
2542,2725
2545,2544
2545,366
2545,2543
2545,1811
2545,2962
2546,2543
2546,359
2546,1811
2546,364
2547,366
2547,2543
2547,2962
2547,2408
2548,2408
2548,2543
2548,366
2548,2962
2551,56
2551,2542
2551,366
2555,2458
2555,29
2555,364
2555,359
2556,3020
2556,2602
2557,2933
2557,366
2557,2956
2557,2560
2557,2602
2558,2933
2558,366
2558,2559
2564,364
2564,366
2580,2579
2580,2582
2580,2590
2580,2591
2580,366
2580,2583
2580,2592
2581,2579
2581,2580
2581,2582
2581,2583
2581,2585
2581,2589
2582,2579
2582,364
2582,2458
2582,2260
2583,2579
2583,364
2585,2579
2585,364
2586,2579
2587,2579
2588,2579
2588,364
2588,2602
2588,2701
2589,2579
2589,364
2603,2602
2603,2408
2603,2605
2603,2606
2603,2609
2603,2610
2603,2611
2603,2619
2603,2633
2604,2602
2604,2615
2604,2616
2604,2617
2604,2633
2605,2602
2605,2607
2605,2610
2605,2621
2605,2628
2606,2602
2607,2602
2607,2606
2607,366
2608,2602
2608,2606
2608,366
2609,2602
2609,366
2609,2610
2609,2618
2610,2602
2610,2701
2610,2611
2611,2602
2611,366
2612,2602
2612,2611
2612,29
2612,2408
2612,2614
2613,2602
2613,2611
2614,2602
2614,2611
2615,2602
2615,2622
2616,2602
2616,364
2617,2602
2623,2602
2623,2610
2624,2602
2624,2579
2625,2664
2625,2602
2625,2725
2628,2602
2646,2602
2646,2649
2646,2655
2650,3213
2650,2525
2650,2526
2650,2529
2650,2602
2650,2652
2651,2650
2651,3213
2655,272
2655,2283
2655,2311
2655,461
2655,2312
2655,2677
2655,2602
2655,2701
2655,2660
2656,272
2656,1858
2656,2602
2656,2701
2661,2272
2661,2602
2661,2778
2661,2701
2662,2602
2678,2677
2679,2677
2680,2677
2680,364
2695,2694
2703,2702
2703,2077
2709,2701
2709,2721
2713,2579
2713,366
2713,2701
2727,0
2727,28
2728,2725
2728,1759
2746,2725
2746,2747
2747,2725
2751,2725
2751,2778
2751,2753
2751,2754
2753,430
2753,2725
2771,2836
2772,2836
2772,359
2772,2933
2775,2774
2783,2782
2783,3249
2784,3249
2785,2782
2785,29
2786,2784
2786,3249
2789,2787
2789,2782
2789,2788
2798,2796
2800,1858
2800,282
2802,2801
2802,1869
2802,3159
2802,1878
2802,2800
2802,2796
2802,3088
2802,3400
2802,3411
2806,2782
2806,2796
2813,1866
2813,2196
2813,2807
2813,2808
2813,2809
2813,2810
2813,2832
2813,3161
2813,3081
2813,3082
2813,3252
2815,1859
2815,2787
2815,29
2815,366
2815,2782
2815,2788
2815,282
2816,3257
2816,3289
2816,3266
2816,3286
2818,2788
2818,3163
2827,2788
2827,1866
2827,2778
2829,2796
2830,2797
2831,67
2831,1858
2831,29
2831,2458
2832,1866
2835,2782
2837,2836
2837,282
2837,2986
2838,2836
2838,2837
2838,2891
2839,2836
2839,2736
2839,3151
2839,3492
2840,2836
2840,2778
2849,2777
2849,2811
2849,2850
2849,2836
2849,2860
2849,3415
2849,2855
2851,2850
2851,3415
2852,2850
2852,2849
2852,2656
2852,2851
2852,2701
2853,2850
2853,3415
2857,3415
2857,2878
2857,3421
2861,2860
2861,2863
2862,2860
2862,282
2862,2863
2863,2860
2864,2860
2864,3160
2864,2836
2865,2836
2865,1832
2866,2860
2867,2860
2867,2869
2868,2860
2868,2869
2868,3154
2869,2860
2870,2860
2870,268
2878,3396
2878,3415
2878,2860
2880,2845
2880,3415
2888,2782
2888,2891
2888,3164
2888,2834
2888,2889
2888,2890
2888,3355
2888,3356
2888,3357
2888,3358
2888,3359
2889,3356
2889,2891
2895,2860
2898,2897
2900,2899
2900,3052
2900,2050
2900,2287
2900,2291
2900,2725
2900,1989
2900,1759
2900,2904
2900,2921
2900,3032
2900,3050
2900,3051
2900,3053
2900,3054
2900,3057
2902,2899
2902,2161
2902,2169
2902,221
2902,1744
2902,1811
2902,328
2903,334
2903,2899
2903,202
2905,1798
2905,1808
2905,2899
2905,1759
2907,2899
2907,3062
2907,2933
2907,1811
2908,2899
2909,2899
2910,2899
2927,2919
2927,359
2934,2933
2934,359
2934,2950
2934,2557
2934,2725
2934,2936
2934,2943
2934,2951
2934,3017
2934,3019
2935,2933
2935,2557
2935,2943
2935,2956
2935,2936
2935,2968
2936,2933
2936,2956
2936,2725
2936,2778
2936,359
2936,2949
2937,2933
2937,359
2937,2778
2939,2933
2939,2899
2939,27
2939,2314
2940,2933
2942,2933
2942,3016
2943,2933
2943,3024
2943,359
2943,29
2943,3042
2944,2933
2945,2933
2945,2942
2946,2933
2947,2933
2948,2933
2949,2933
2949,359
2950,2933
2950,359
2951,2933
2952,2933
2952,282
2952,366
2952,3021
2955,2778
2955,2933
2957,2956
2957,2933
2957,3213
2958,2956
2958,2933
2958,3213
2959,2956
2959,2936
2959,2933
2960,2956
2960,2933
2962,366
2962,364
2962,3021
2962,28
2962,1759
2962,2899
2963,366
2963,2962
2963,2964
2964,1779
2964,1799
2964,1833
2964,1752
2964,3021
2964,2962
2981,279
2981,282
2981,2879
2981,359
2981,28
2981,2725
2981,3022
2981,3023
2989,2982
2990,2879
2992,2982
2992,366
2992,29
2996,2995
2997,2995
2998,2995
2998,2999
2999,2777
2999,2995
3018,3015
3018,3014
3018,2956
3018,2933
3022,3021
3022,364
3022,366
3023,3021
3023,366
3023,3042
3024,3021
3024,2933
3025,3021
3025,366
3025,359
3025,29
3026,3021
3026,1811
3026,1759
3026,211
3026,28
3026,430
3026,2782
3026,2788
3026,29
3026,359
3027,348
3027,3021
3027,2860
3028,3021
3028,359
3028,366
3028,29
3043,3042
3043,2408
3043,2778
3043,3327
3043,3371
3043,3392
3044,3042
3044,2778
3048,2850
3049,3501
3049,3046
3049,2778
3054,2850
3054,3057
3054,268
3057,2850
3057,2899
3057,2933
3057,3032
3057,3050
3059,2407
3059,2725
3063,3062
3063,2778
3063,366
3064,3062
3064,366
3065,3062
3066,3062
3066,366
3067,3062
3068,3062
3068,27
3069,2725
3069,3415
3073,3072
3073,2778
3073,366
3074,3072
3081,1864
3081,1880
3081,1811
3082,1864
3082,211
3082,1811
3082,2782
3082,364
3083,1864
3083,378
3085,2725
3085,3415
3085,1880
3088,2795
3088,2725
3089,2725
3089,1759
3090,2725
3092,3091
3102,366
3102,3100
3115,3114
3115,359
3115,2850
3122,3117
3122,3099
3132,2782
3132,2796
3132,29
3133,2782
3133,2796
3133,29
3134,2782
3134,2796
3134,29
3135,2836
3135,29
3136,2836
3136,2839
3136,2782
3136,29
3138,2860
3138,1744
3138,29
3139,2860
3139,29
3140,2860
3140,2895
3140,29
3141,2860
3141,29
3142,2860
3142,2895
3142,3094
3142,29
3142,2836
3142,282
3143,29
3143,274
3144,29
3144,3021
3144,2416
3144,1744
3144,1989
3144,2796
3144,282
3145,29
3145,27
3145,1744
3145,1989
3151,0
3151,28
3151,2416
3151,1744
3151,1989
3151,282
3151,44
3151,29
3152,0
3152,28
3152,2899
3152,3153
3152,29
3152,2602
3153,0
3153,28
3153,359
3153,1759
3153,3501
3153,1744
3153,282
3153,29
3153,3500
3153,4712
3154,2860
3154,29
3154,44
3155,2860
3155,1744
3155,1989
3155,29
3156,0
3156,28
3156,25
3156,3501
3156,268
3156,1744
3156,1989
3156,2796
3156,29
3156,282
3157,2788
3157,1744
3157,29
3158,0
3158,28
3158,44
3158,1744
3158,1989
3159,0
3159,28
3159,1744
3159,268
3159,1989
3159,2796
3159,29
3160,0
3160,28
3160,2860
3160,2836
3160,1744
3161,2788
3161,2796
3161,29
3162,2836
3162,2891
3162,272
3162,3501
3162,264
3163,2458
3163,29
3163,359
3163,2933
3163,3021
3163,44
3163,2701
3163,2602
3164,2860
3164,2891
3164,29
3165,29
3165,0
3165,264
3167,1744
3167,268
3167,29
3167,1811
3214,3213
3215,3213
3215,27
3215,2725
3216,3213
3216,27
3216,3221
3216,3326
3217,3213
3218,3213
3218,2836
3219,3213
3219,268
3219,28
3220,3213
3250,3503
3256,2825
3256,2788
3258,3257
3258,3266
3259,3257
3259,3266
3260,3257
3260,3266
3263,3257
3263,3260
3263,3265
3263,3267
3264,3257
3264,3260
3264,3266
3265,3257
3265,3260
3265,27
3268,3266
3268,3257
3268,0
3269,3266
3269,3257
3270,3266
3270,3257
3271,3266
3272,3266
3281,3277
3281,3266
3281,3283
3282,3276
3282,3257
3282,3266
3282,3283
3284,3257
3285,3257
3286,3257
3286,3266
3287,3257
3288,3257
3288,3290
3288,3292
3289,3257
3289,2782
3289,3236
3289,3263
3289,3265
3289,3288
3290,3257
3290,3383
3290,3274
3290,3393
3291,3257
3291,3288
3291,3292
3292,3257
3293,3257
3293,3288
3293,3266
3293,3393
3294,3257
3295,3257
3295,3280
3295,3266
3295,3456
3295,3455
3295,3460
3295,3461
3295,3476
3296,3257
3296,3266
3298,3257
3299,3257
3333,3354
3359,2893
3365,3257
3365,3266
3380,3412
3380,3257
3380,3381
3391,3042
3391,2778
3404,3401
3405,3401
3416,3415
3416,2849
3416,3043
3416,3363
3416,3433
3417,3415
3417,2853
3417,2800
3417,2849
3417,3088
3417,3159
3417,1858
3417,2782
3417,3427
3417,3433
3418,3415
3418,1858
3418,3429
3418,3437
3419,3415
3419,2850
3420,3415
3420,3042
3420,3044
3421,2846
3421,3415
3422,3415
3423,3415
3423,3434
3424,3415
3424,3416
3425,3415
3425,3416
3426,3415
3427,3415
3427,3419
3429,3415
3430,3415
3430,3418
3431,3415
3432,3415
3433,3415
3434,3415
3434,3418
3435,3415
3435,2857
3435,3425
3435,3431
3435,3432
3435,3423
3435,3428
3435,3433
3435,3434
3457,3456
3458,3456
3458,3457
3458,364
3459,3456
3459,3457
3459,14
3459,3466
3460,3456
3460,3213
3461,3456
3462,3456
3462,27
3463,3456
3464,3456
3467,3466
3467,1811
3467,378
3469,1880
3470,1880
3470,1811
3470,3501
3470,2956
3486,3415
3486,2077
3494,3072
3494,2408
3494,27
3494,3489
3494,282
3494,366
3494,268
3496,366
3496,2962
3496,430
3496,3501
3498,359
3498,1759
3498,328
3502,366
3502,2962
3502,3501
3502,395
3506,1811
3506,1818
3506,3501
3506,268
3506,3509
3507,1811
3507,1818
3507,3501
3507,364
3508,1811
3508,1818
3508,3501
3509,1811
3509,1818
3509,3501
3509,364
3513,1870
3513,2407
3513,3501
3513,3505
3513,364
3514,359
3517,2126
3517,2701
3517,3514
4140,0
4140,4169
4140,27
4140,264
4142,237
4142,4140
4142,321
4142,384
4142,27
4145,4144
4153,4147
4154,4147
4170,4169
4170,272
4170,15
4170,14
4170,285
4170,29
4170,268
4171,4169
4172,4169
4172,4175
4172,115
4172,268
4172,4178
4173,4175
4173,366
4174,4175
4174,2655
4174,4144
4174,268
4174,272
4176,4175
4186,285
4187,285
4188,285
4188,15
4189,285
4192,268
4192,4143
4192,2778
4199,29
4199,2554
4200,4161
4218,15
4218,2408
4218,1744
4218,2778
4225,4147
4228,489
4228,14
4228,1
4231,4146
4231,384
4231,15
4234,29
4234,14
4234,364
4240,264
4240,4227
4626,0
4627,0
4627,4626
4627,268
4627,285
4629,1
4629,4626
4629,264
4632,0
4632,1919
4632,4626
4632,303
4633,0
4633,27
4633,4626
4633,1811
4633,29
4633,2899
4634,0
4635,0
4635,4626
4636,0
4636,4626
4636,4635
4637,264
4637,1893
4637,378
4637,384
4637,27
4637,0
4637,1744
4638,0
4638,4626
4638,4635
4639,0
4639,4638
4639,4626
4640,0
4640,4638
4640,264
4641,0
4641,4626
4642,0
4642,27
4642,2899
4642,2260
4644,3530
4645,0
4645,27
4647,0
4647,4626
4663,4662
4663,237
4663,0
4664,0
4664,4662
4664,4663
4665,4662
4665,4663
4665,4666
4665,4670
4665,4674
4665,4684
4665,4696
4666,4662
4669,2248
4669,1989
4669,4662
4670,4662
4675,4662
4675,312
4675,348
4677,0
4677,4663
4677,27
4677,14
4677,4662
4678,4662
4678,4663
4678,4679
4678,4681
4678,4682
4684,4662
4684,4663
4686,0
4686,4685
4690,4662
4690,4663
4690,1893
4690,1
4695,1893
4696,4662
4696,4663
4696,4675
4696,4684
4709,0
4710,2286
4710,27
4710,0
4713,268
4713,0
4713,282
4713,29
4715,268
4715,0
4715,4663
4715,4662
4716,4662
4716,4663
4716,268
4716,264
4717,268
4717,4662
4717,4663
4717,0
4718,4662
4718,4663
4722,0
4722,110
4722,4699
4722,108
4722,109
4722,111
4722,112
4722,113
4722,114
4722,135
4722,4679
4725,1744
4726,0
14,27
14,4662
14,1759
14,489
14,29
14,1989
279,29
279,1759
279,2914
279,30
279,1763
279,1798
279,1802
279,2409
279,2467
279,2521
279,2590
279,2603
279,2742
279,2855
279,2856
279,2973
279,2980
279,2984
279,3002
279,3006
279,3023
279,3024
279,3032
279,3057
279,3104
279,3156
279,22
279,23
279,24
279,25
279,39
279,42
279,48
279,52
279,57
279,125
279,202
279,268
279,278
279,308
279,319
279,337
279,341
279,343
279,347
279,359
279,392
279,397
279,403
279,415
279,443
279,465
279,1745
279,1749
279,1750
279,1751
279,1752
279,1757
279,1758
279,1769
279,1770
279,1794
279,1795
279,1800
279,1803
279,1804
279,1808
279,1810
279,1826
279,1834
279,1841
279,1859
279,2022
279,2050
279,2145
279,2179
279,2180
279,2184
279,2196
279,2201
279,2204
279,2205
279,2206
279,2227
279,2249
279,2293
279,2407
279,2419
279,2422
279,2425
279,2462
279,2490
279,2500
279,2509
279,2510
279,2512
279,2519
279,2523
279,2533
279,2535
279,2539
279,2540
279,2541
279,2543
279,2544
279,2545
279,2554
279,2557
279,2572
279,2583
279,2589
279,2611
279,2649
279,2650
279,2655
279,2656
279,2658
279,2741
279,2744
279,2745
279,2746
279,2761
279,2769
279,2772
279,2776
279,2777
279,2781
279,2783
279,2798
279,2799
279,2800
279,2802
279,2806
279,2807
279,2808
279,2809
279,2810
279,2811
279,2812
279,2815
279,2821
279,2827
279,2833
279,2836
279,2837
279,2849
279,2852
279,2862
279,2867
279,2879
279,2882
279,2887
279,2896
279,2897
279,2898
279,2899
279,2904
279,2907
279,2910
279,2913
279,2915
279,2920
279,2921
279,2924
279,2927
279,2929
279,2934
279,2936
279,2937
279,2942
279,2948
279,2965
279,2970
279,2971
279,2974
279,2975
279,2976
279,2978
279,2979
279,2983
279,2985
279,2986
279,2988
279,2991
279,2993
279,2994
279,2997
279,3000
279,3005
279,3007
279,3008
279,3010
279,3016
279,3019
279,3027
279,3029
279,3040
279,3050
279,3052
279,3053
279,3055
279,3059
279,3060
279,3062
279,3064
279,3086
279,3100
279,3124
279,3126
279,3151
279,3152
279,3153
279,3155
279,3157
279,3158
279,3159
279,3161
279,3168
279,3169
279,3488
279,3489
279,3496
279,3499
279,3504
279,3508
279,3511
279,3513
279,4172
279,4174
279,4200
279,4234
279,4239
279,4688
285,29
285,268
285,384
285,237
285,272
285,1989
285,1744
285,1764
285,1798
2725,359
2725,27
2725,1811
2725,2850
359,29
301,1811
301,285
301,29
301,3163
301,4239
223,2041
223,1989
223,2017
223,1759
257,256
257,264
257,359
257,366
257,312
257,378
257,328
257,1759
263,264
263,265
263,260
263,384
263,268
263,266
275,303
275,112
275,126
275,260
275,268
275,309
275,285
275,277
275,2407
281,268
281,142
281,116
281,234
281,272
281,273
281,283
281,1752
281,1770
281,1822
281,1825
281,2291
281,2293
281,2415
281,2507
281,3086
281,3149
281,3155
281,3160
281,3163
281,3164
281,3168
281,4170
281,4174
281,4192
292,309
292,291
292,285
337,268
337,1811
337,342
337,343
337,328
337,359
337,366
337,1759
337,1863
337,3156
339,268
339,2968
339,336
339,2725
339,342
339,343
339,346
339,402
347,268
347,343
347,1758
347,1863
347,336
347,402
1759,29
1759,1811
1788,359
1788,268
268,1759
268,359
268,29
268,1989
1798,359
1798,366
1798,2899
1798,1759
1798,268
1832,1811
1832,29
1832,27
1832,28
1832,268
1832,3501
1832,1833
1832,3026
1832,3136
1832,3146
1832,3148
1832,3149
1832,3163
1832,3167
1833,29
1833,1811
1833,1759
1833,3026
1833,27
1833,3163
1833,3167
1875,1857
1875,1862
1875,328
1985,1984
1985,1928
2031,1989
2031,2030
2031,2222
2031,1935
2031,1971
2031,1993
2031,2021
2031,2027
2031,2123
2031,2212
2031,2242
453,2031
453,1989
453,1
453,451
453,481
453,2027
453,2223
453,2455
453,2906
453,249
453,289
453,290
453,452
453,309
453,285
453,29
453,462
453,1895
453,2026
453,2219
453,2743
453,4155
453,4205
453,4221
453,4717
454,2031
454,451
454,2222
454,2223
454,1989
454,478
2062,1989
2062,2073
2062,2149
2062,2023
2062,2047
2176,285
2176,2152
2176,2153
2176,2169
2176,2408
2176,359
2176,2222
2176,2161
2176,268
2176,29
2176,2269
2213,2210
2213,2217
2213,382
2213,454
2213,2121
2213,2202
2213,2226
2213,33
2213,2005
2213,2007
2213,2027
2213,2053
2213,2167
2213,2169
2213,2178
2213,2184
2213,2209
2213,2211
2213,378
2213,2222
2017,29
2017,1989
2151,384
2151,2701
2151,10
2151,467
2151,2153
2151,2154
2151,2200
2151,2285
2151,2308
2151,2315
2151,2317
366,29
366,27
2432,366
2432,29
2432,2416
2432,2466
2432,2470
2432,2491
2481,29
2481,2490
2481,2477
2481,2479
2481,2484
2481,2488
2481,2489
2481,2495
2481,2496
2514,4
2521,2677
2521,272
2521,29
2521,2408
2521,2523
2521,2973
2521,3153
2521,3158
2521,3163
2521,3236
2521,3284
2521,3363
3020,2933
3020,2554
3020,2644
3020,2658
3020,2772
3020,3014
3020,3017
3020,3018
2649,2602
2649,2568
2670,2664
2670,2666
2670,2667
2619,2707
2619,2096
2619,2611
2619,2705
2619,2099
2619,2268
2619,2500
2619,2528
2619,2532
2619,2605
2619,2606
2619,2645
2619,2646
2619,2655
2619,2656
2619,2703
2721,2657
2721,2720
2721,2701
2778,2899
2778,2725
2778,2836
2778,2860
2778,2933
2787,2795
2787,2796
2787,3021
2787,3151
2787,3246
2787,2776
2787,2782
2787,2792
2787,2793
2787,2798
2787,2804
2787,2830
2787,2888
2787,2961
2787,3015
2787,3026
2787,3048
2787,3108
2787,3109
2787,3232
2787,3237
2787,3245
2787,3252
2787,3253
2787,3254
2787,3418
2787,3493
2787,3498
2845,2778
2845,2841
2845,3415
2845,2881
2845,2888
2845,3347
2845,2779
2845,2839
2845,2843
2845,2860
2845,2836
2845,2857
2845,2858
2845,2878
2845,2995
277,2933
277,2836
277,433
277,2314
277,2590
277,2745
277,2830
277,2937
277,2944
277,3169
277,22
277,26
277,30
277,57
277,202
277,211
277,221
277,268
277,284
277,297
277,329
277,337
277,343
277,346
277,347
277,415
277,448
277,465
277,1745
277,1758
277,1770
277,1771
277,1788
277,1794
277,1798
277,1800
277,1801
277,1826
277,1834
277,2015
277,2050
277,2203
277,2237
277,2243
277,2244
277,2249
277,2277
277,2309
277,2414
277,2415
277,2418
277,2419
277,2420
277,2422
277,2466
277,2507
277,2509
277,2521
277,2535
277,2551
277,2557
277,2560
277,2583
277,2611
277,2649
277,2655
277,2744
277,2772
277,2780
277,2788
277,2793
277,2796
277,2797
277,2798
277,2801
277,2805
277,2806
277,2814
277,2817
277,2818
277,2822
277,2825
277,2827
277,2853
277,2855
277,2861
277,2862
277,2882
277,2887
277,2888
277,2889
277,2896
277,2897
277,2898
277,2899
277,2907
277,2911
277,2915
277,2916
277,2921
277,2926
277,2927
277,2932
277,2936
277,2943
277,2949
277,2952
277,2965
277,2968
277,2971
277,2972
277,2978
277,3001
277,3014
277,3015
277,3016
277,3019
277,3025
277,3051
277,3053
277,3144
277,3149
277,3150
277,3157
277,3167
277,3255
277,3256
277,3356
277,3358
277,3417
277,3488
277,3498
277,3499
277,3507
277,4172
277,4174
277,4679
277,4680
2956,2933
2967,3042
2967,3152
3021,2933
3021,28
3021,359
3021,366
3021,2725
3021,29
3033,3042
3033,2978
3033,3017
3033,3036
3033,3039
3033,3040
3033,3043
3033,3237
3036,3042
3036,2408
2736,2836
2736,2914
2736,29
2736,2725
2736,2766
2736,2767
2736,1834
2736,2322
2736,2416
2736,2420
2736,2424
2736,2518
2736,2730
2736,359
2736,2899
2736,1811
2736,2753
2736,2795
2736,2801
2736,2802
2736,2803
2736,2912
2736,2930
2736,3021
2736,3150
2736,3152
2736,3154
2736,3160
2736,3163
2736,3417
384,29
384,1
384,264
384,1759
1,29
1,0
3331,3021
3331,3344
3331,2271
3331,2803
3331,2843
3331,2880
3331,3018
3331,3213
3331,3215
3331,3216
3331,3221
3331,3222
3331,3302
3331,3303
3331,27
3331,3333
3331,3334
3331,3345
3331,3350
3331,3351
3331,3352
3331,3354
3331,3396
3331,3420
364,268
364,366
364,2579
2914,115
2914,2742
2914,2899
2914,2916
2914,2744
2914,2907
2914,2910
2914,2913
2914,2933
2914,359
2914,2923
2914,2924
2914,3005
2914,3014
2914,3019
2914,3153
4149,4144
4149,2360
4149,487
4149,2030
4149,2151
4149,2361
4149,4145
4149,4146
4149,4147
4149,4161
4149,4198
2286,27
2286,3072
2286,29
2286,2017
2158,0
2158,27
2158,384
2158,1759
1755,10
1755,17
1755,2181
1755,321
1755,1928
4691,17
4691,1
3030,20
3030,297
3030,2260
3030,2420
3030,2421
3030,359
3030,3032
3030,2138
3030,2416
3030,2425
3030,2458
3030,2520
3030,2543
3030,2738
3030,3015
3030,3020
3030,268
3030,366
3030,2725
1756,24
1756,1747
1756,1811
1756,348
1756,1773
1756,1781
1756,1795
1756,52
1756,1754
1756,1755
1756,1759
1756,1858
1756,264
1756,384
1756,366
1756,282
1756,0
1756,29
1756,1744
1756,1784
24,1811
24,268
24,384
24,29
24,1759
24,282
26,28
26,29
26,268
26,1759
26,1811
26,264
26,285
26,1744
2407,28
2407,359
2407,2205
2407,282
2407,2500
2407,2518
2407,2541
2407,2561
2407,4
2407,22
2407,37
2407,2152
2407,268
2407,2408
2407,2410
2407,2411
2407,2417
2407,2418
2407,2508
2407,2542
2407,2543
2407,3501
2407,3507
2407,3510
1789,32
1789,1910
1789,312
1789,384
2159,33
2159,1807
2159,2061
2159,2154
2159,2167
2159,2168
2159,2184
2159,2202
2159,2902
2159,243
2159,307
2159,335
2159,1918
2159,1936
2159,1973
2159,1928
2159,2160
2159,2169
2159,2171
2159,2178
2159,2222
2159,4628
2803,34
2803,2796
450,41
450,36
450,39
450,29
450,1759
450,3021
450,359
450,366
450,3028
325,54
325,432
325,434
325,2429
325,2476
56,55
56,57
56,52
56,384
56,2426
56,2490
56,2491
57,384
57,29
57,359
57,364
57,1989
57,211
57,2289
57,3152
60,366
60,28
60,29
65,366
65,29
66,1858
66,2778
67,29
111,1811
111,217
111,0
114,0
114,217
115,272
1861,119
1861,1770
1861,1803
1861,1811
1861,23
1861,24
1861,108
1861,120
1861,126
1861,128
1861,180
1861,337
1861,1756
1861,1781
1861,1784
1861,1804
1861,1819
1861,1834
1861,1837
1861,1839
1861,1841
1861,1843
1861,1887
1887,119
1887,1811
1887,3295
121,1811
122,115
122,1811
122,282
122,1759
126,1811
126,122
127,0
127,348
127,29
2256,127
128,1811
128,120
128,285
128,1798
136,1811
136,0
137,1811
141,0
2132,146
2132,1893
2132,378
2132,4666
147,272
147,285
1780,208
1780,2179
1780,29
1780,2180
1780,4628
211,29
211,3021
211,27
211,2796
211,1989
211,1744
221,359
221,1811
221,217
221,1989
229,2782
229,44
229,2017
234,0
234,1989
235,359
235,1759
236,359
236,4679
236,0
236,29
324,236
324,1781
324,1783
324,1794
324,1918
324,1983
324,1984
324,2547
324,121
324,359
324,364
324,366
324,384
324,392
324,401
324,1774
324,1776
324,1791
324,1842
237,1
237,268
248,249
248,1
248,241
248,242
248,245
248,378
248,348
248,384
248,250
248,251
248,451
248,467
248,4142
255,1764
255,268
261,264
261,237
261,351
261,369
416,261
416,417
416,244
416,397
266,265
266,272
266,264
271,348
271,268
271,1893
280,384
280,281
280,4170
280,22
280,26
280,273
280,272
280,264
280,285
280,268
280,1769
280,1770
280,2293
280,2341
280,2414
280,2507
280,3145
280,3149
280,3152
280,3154
280,3160
280,3167
280,3169
289,285
289,269
289,268
289,290
289,298
289,454
290,285
290,384
286,296
286,285
286,309
300,384
300,378
300,1858
303,15
303,237
303,272
303,378
303,285
303,268
314,1759
314,322
314,355
314,268
316,321
316,1759
316,312
316,355
316,27
316,1757
317,1759
317,254
317,312
317,264
1781,328
1781,332
1781,1793
1781,26
1781,122
1781,395
1781,1748
1781,1762
1781,1777
1781,1811
1781,29
1781,27
1781,1791
1781,1792
1781,1794
1781,1820
1781,1835
1781,1842
1781,1862
1781,1866
1781,1876
1781,3181
1781,4645
1781,4646
322,331
322,388
322,332
331,321
331,328
331,264
331,359
331,332
333,364
333,359
333,366
333,384
333,1762
334,364
334,359
334,366
334,264
334,384
334,401
334,473
334,487
334,2029
334,3053
334,3059
334,3060
340,339
340,344
340,3383
338,339
338,1758
338,341
338,342
338,343
338,344
338,346
256,351
256,378
256,359
256,366
256,426
256,1768
256,2472
256,2476
351,359
351,355
351,364
351,366
351,312
351,378
351,384
351,29
351,282
351,369
260,352
260,359
260,366
260,377
260,312
260,378
260,264
260,272
260,27
260,1759
373,366
373,359
375,355
375,378
375,264
375,384
375,385
375,405
375,2327
375,2330
376,377
376,384
376,264
376,1759
376,385
376,405
376,1994
1923,377
1923,2119
1923,1924
1923,1936
1923,1937
1923,1947
1923,1948
1923,1952
3488,403
3488,1886
3488,2815
3488,3455
3488,3461
3488,3507
3488,1803
3488,1868
3488,1869
3488,1870
3488,2747
3488,2801
3488,3241
3488,3249
3488,3400
3488,3411
3488,2725
3488,3489
3488,3496
3488,3498
3488,3501
3488,3506
406,384
406,355
406,405
406,264
406,348
406,417
407,384
407,355
407,405
407,264
407,348
407,377
412,355
412,410
412,264
412,366
412,1759
417,384
417,264
417,378
417,355
417,29
420,424
420,426
420,429
420,256
420,258
420,259
420,384
424,355
428,366
428,437
428,442
428,444
428,2162
428,2317
428,2318
428,2319
428,2329
428,2343
459,2408
459,479
459,1
459,2292
484,2408
484,453
484,454
484,485
1936,484
1936,1928
1936,377
1936,1989
1799,1745
1799,1746
1799,1811
1799,2961
1799,2965
1799,3059
1799,28
1799,42
1799,49
1799,50
1799,448
1799,450
1799,1750
1799,1797
1799,29
1799,1759
1799,366
1799,3021
1799,1806
1799,1810
1799,1827
1799,2238
1799,2314
1799,2316
1799,2425
1799,2500
1799,2519
1799,2725
1799,2746
1799,2975
1799,2993
1799,3022
1799,3023
1799,3024
1799,3025
1799,3026
1799,3027
1799,3033
1799,3034
1799,3035
1799,3053
1799,3056
1799,3060
1799,3061
1799,3146
1799,3147
1799,3148
1799,3149
1799,3152
1799,3153
1799,3154
1799,3156
1799,3159
1799,3163
1799,3166
1799,3167
1799,3168
1799,3491
1799,4200
2227,1745
2227,384
2227,0
2227,13
2227,260
2227,1797
2227,1886
2227,2035
2227,282
2227,2236
2227,2237
2227,2241
2227,2243
2227,2245
2227,2247
2227,2250
2227,4632
2227,4641
2227,4645
2227,4659
1797,1749
1797,366
1797,1759
1797,1816
1797,2316
1797,26
1797,40
1797,42
1797,45
1797,48
1797,52
1797,328
1797,472
1797,1745
1797,1746
1797,1752
1797,1795
1797,285
1797,1798
1797,29
1797,1989
1797,1800
1797,1805
1797,1807
1797,1817
1797,1833
1797,2207
1797,2341
1797,3167
1795,1751
1795,2408
1795,366
1795,1798
1795,1808
1795,1810
1795,2206
1795,1811
1758,268
1758,1811
1758,359
1758,1759
1758,27
1758,29
1758,366
348,1759
348,268
348,312
348,378
1764,384
1764,378
1764,264
1764,1893
1764,312
1764,359
1764,366
1764,268
1815,1770
1815,2201
1815,149
1815,1807
1815,1820
1815,2294
1778,366
1778,1800
1778,2227
1778,2243
1778,48
1778,397
1778,428
1778,431
1778,443
1778,444
1778,445
1778,1752
1778,1769
1778,1770
1778,268
1778,1759
1778,359
1778,1811
1778,29
1778,27
1778,1795
1778,1797
1778,1798
1778,1808
1778,2161
1778,2297
1778,2952
2244,1780
2244,2227
1783,1781
1783,268
1783,328
1783,359
1783,366
1783,355
1783,1759
1837,1781
1837,1784
1837,1791
1837,1793
1837,1795
1837,1842
1837,1844
1837,1862
1837,1874
1837,3504
1837,1748
1837,1836
1837,328
1837,1811
1837,2725
1837,2782
1837,3085
1836,1786
1836,1835
1836,1811
1836,268
1836,328
1836,1842
1836,1864
1836,1880
2961,1796
2961,29
2961,2725
2961,3493
2961,2416
2961,2467
2961,2518
2961,2550
2961,2899
2961,3021
2961,2836
2961,2860
2961,2964
2961,2981
2961,2995
2961,3008
2961,3013
2961,3154
2961,3160
2961,3237
2961,3490
2961,3491
2961,3495
2961,3498
2961,3501
2961,4200
1800,366
1800,1817
1800,122
1800,443
1800,1745
1800,1746
1800,1749
1800,328
1800,1759
1800,285
1800,1798
1800,29
1800,1807
1800,2023
1800,2323
1800,2905
1800,4688
1800,4700
1801,1759
1801,359
1801,1876
1801,25
1801,118
1801,1747
1801,1783
1801,1799
1801,1811
1801,29
1801,2287
1801,2316
1801,2912
1802,268
1802,1745
1802,1798
1802,1759
1802,1803
1803,366
1803,27
1803,268
1803,1819
1803,1841
1803,108
1803,136
1803,3167
1867,1803
1867,1890
1867,111
1867,119
1867,128
1867,1770
1867,1781
1867,1832
1867,1833
1867,1834
1867,1839
1867,1841
1867,1861
1867,3501
1867,1811
1867,1869
1867,1871
1867,1882
1867,1886
1867,1888
1867,3084
1867,3504
1867,3505
1867,3511
1809,1759
1812,1811
1812,136
1812,1830
1812,1831
1812,1872
1813,1811
1857,1813
1857,1811
1857,1828
1857,1835
1857,1837
1857,1842
1857,1843
1857,1845
1857,1854
1857,328
1857,1862
1857,1872
1817,1759
1817,26
3060,1826
3060,3059
3060,3508
3060,2712
3060,3021
3060,268
1865,1828
1865,1811
1865,1866
1830,29
1830,1811
1830,217
1830,268
1830,285
1830,1879
1831,29
1831,1813
1831,1818
1831,1830
1831,1811
1831,217
1831,268
1831,285
1831,1866
1831,1851
1831,1855
1831,1860
1831,1865
1831,1879
2795,1834
2795,2796
2795,2817
2795,2818
2795,3252
2795,2788
2795,2794
2795,2725
2795,1858
2795,2782
2795,2899
2795,2802
2795,2803
2795,2814
2795,2816
1835,1759
1835,1811
1840,268
1840,119
1840,1811
1840,328
1853,1842
1853,1837
1853,328
1853,1811
1853,1862
1862,1842
1862,1811
1862,1864
1862,1866
1862,126
1862,136
1862,1744
1862,1748
1862,1777
1862,1782
1862,1791
1862,1813
1862,1834
1862,328
1862,2725
1862,3415
1862,359
1862,1887
1862,1888
1862,3084
1862,3181
1862,4628
1862,4711
3512,1861
3512,1888
3512,3081
3512,1818
346,1863
346,343
346,268
346,359
346,1758
1863,1811
1863,29
1863,366
1863,359
1863,1774
1863,3266
1863,3257
1863,3145
1863,3156
1888,1869
1888,1811
1888,2725
1888,3501
1888,1890
1888,1864
1888,1885
1869,1811
1869,1870
1869,1858
1869,1866
1869,359
1870,1811
1870,403
1870,1867
1870,0
1870,3501
1870,1818
1870,364
1870,1858
1870,3496
1870,3504
1870,3505
1870,3506
1870,3509
1870,3511
1870,3512
1883,1882
1883,359
1883,1864
1883,1880
1883,282
1884,1883
1884,1811
1884,1882
1884,27
1884,1888
1884,1890
1884,3079
3479,1890
3479,312
3479,1889
1890,1811
1890,1889
1890,3501
1890,1764
1893,1
1893,268
1893,378
1908,2408
1908,312
1908,378
1908,1893
1908,1989
1908,2022
1912,1893
1912,29
1913,312
1913,1908
1913,1893
1915,27
1915,272
1915,1893
1915,312
1915,2077
1916,378
1916,2408
1916,1928
1982,1916
1926,1916
1926,2154
1926,1893
1926,348
1926,1928
1926,1979
2035,1920
2035,1748
2035,1797
2035,1915
2035,2033
2035,2051
2035,2180
2035,2286
1943,1929
1943,1936
1943,378
1943,384
1943,1944
1943,1945
1943,406
1943,1938
1943,1942
1943,1989
1943,2074
1930,1932
1930,1928
1930,1931
1930,1939
1930,1941
1930,1943
1934,1933
1929,1939
1929,1963
1929,1964
1929,1966
1929,260
1929,335
1929,377
1929,380
1929,1893
1929,1897
1929,1905
1929,1906
1929,1928
1929,1938
1929,1940
1929,1941
1929,1942
1929,1946
1929,1956
1929,1958
1929,1994
1929,1996
1942,1945
1942,1938
1942,378
1946,2408
1946,1938
1948,1947
1948,1928
1948,1958
1948,1962
1948,1950
1948,1959
1947,1950
1947,1952
1947,1928
1947,1956
2776,1970
2776,2751
2776,2809
2776,2761
2776,2725
2776,2850
2776,2782
2776,2794
2776,2807
2776,2810
2776,2811
2776,2812
2776,3101
1971,1893
1971,1928
1991,1858
1991,1992
1991,2025
1991,2220
1991,1905
1991,1929
1991,1971
1991,1990
1991,1989
1991,2017
1991,1999
1991,2003
1991,2068
1991,2138
2052,1991
2052,378
2052,366
1993,1989
1993,1928
1993,1994
1993,1995
1993,2120
1993,2149
1975,2013
1975,1893
2070,2022
2070,2049
2070,2294
2070,2065
2070,2071
2023,2158
2023,1989
2023,377
2023,1811
2023,321
2023,1759
2023,303
2023,1798
2023,2208
2023,2218
2023,2219
4148,2025
4148,2030
4148,4198
4148,483
4148,487
4148,2021
4148,2358
4148,2360
4148,4145
4148,1
2060,2025
2060,2061
2060,2018
2060,1989
2060,2146
2060,2175
2060,2183
2060,2185
2064,2025
2064,1996
2064,2008
2064,1858
2064,1989
2064,2146
2064,2149
2064,2294
2211,2028
2211,2208
2211,1989
2042,2041
2042,208
2042,229
2042,2037
2042,2038
2042,2039
2042,2040
2042,1989
2042,2017
2042,2122
2042,2281
2042,2282
2042,2283
2042,2284
2042,2285
2042,2286
2042,2288
2042,2291
2041,2017
2041,2282
2041,2285
2041,4669
2041,202
2041,2037
2041,2040
2041,1989
2041,2051
2041,2269
2041,2280
2041,2281
2041,2283
2041,2284
2041,2286
2041,2288
2041,2289
2041,2290
2041,2903
2041,3056
2046,2043
2046,2045
2046,2038
2046,2040
2046,2017
2046,2061
2046,2073
2046,2148
2046,2175
2044,2933
2044,203
2044,221
2047,2046
2047,2148
2047,1991
2047,1992
2047,2060
2047,2122
2047,2172
2047,2285
2048,2047
2048,2040
2048,1989
2048,2169
2048,2175
2049,2048
2049,2040
2049,2047
2049,2060
2049,2071
2053,2408
2053,2214
2053,2008
2053,3042
2053,2017
7,2053
7,2313
7,1744
7,27
7,1
7,2298
7,2309
2054,1858
2054,377
2054,364
2054,2053
2058,2933
2057,2058
2057,1989
2057,2701
2059,366
2059,2056
2059,1989
2059,2105
1945,2064
1945,1989
2066,366
2066,2065
2066,1989
2066,1858
2066,2068
2066,2072
2066,2292
2066,2294
2067,1858
2067,378
2067,1989
2067,1928
2067,1893
2075,1989
2075,0
2116,2078
2116,2056
2116,2111
2116,2113
2116,2115
2116,2120
2078,2089
2078,1989
2078,366
2078,2087
2120,355
2120,430
2120,1893
2121,2408
2121,2122
2121,2017
2121,2113
2121,1989
2121,2255
2121,2709
2122,321
2122,2017
2122,1989
2122,1858
2122,1893
2122,2158
2122,2290
2129,2126
2129,359
2129,2701
2717,2129
2717,2272
2717,2113
2717,2271
2717,2284
2717,2641
2717,2702
2717,2704
2717,2706
2717,2709
2717,2711
2717,2713
2717,2715
2717,366
2717,359
2717,2722
2144,366
2144,268
2145,2408
2145,366
2145,359
2153,2701
2153,1759
2153,359
2153,2154
2156,2154
2156,1968
2156,1969
2199,2154
2199,312
2199,2158
2199,2169
2199,2222
2152,2154
2152,1759
2152,2200
2165,2158
2165,366
2170,2169
2170,2154
2170,1928
2170,2175
2170,2222
2172,2175
2172,1989
2172,2174
2172,2285
1895,2182
1895,1893
1895,1906
2187,355
2187,378
2187,1928
2193,1858
2193,2186
2217,2195
2217,2219
2217,2220
2217,2225
2217,1935
2217,1989
3061,2197
3061,2050
3061,2541
3061,3055
3061,268
3061,366
3061,1759
3061,3075
2202,2158
2202,1989
2202,2208
2203,2158
2203,1821
2203,359
2203,1989
2205,321
2205,2158
2205,1989
2205,1893
2207,1744
2207,14
2207,1756
2207,1806
2207,1820
2207,0
2207,2306
2207,4632
2207,4688
2208,378
2208,0
2208,4632
2221,2210
2221,2028
2221,2213
2221,0
2248,2218
2248,2227
2248,2240
2222,384
2222,312
2222,2158
2223,1811
2223,1989
2225,378
2225,1893
2229,2227
2229,24
2229,260
2229,391
2229,473
2229,1756
2229,1918
2229,2228
2229,2231
2229,2233
2229,2515
2229,4147
2229,4212
2229,4649
2229,4689
2226,2227
2226,26
2226,252
2226,309
2226,338
2226,410
2226,1769
2226,1908
2226,1916
2226,1926
2226,1981
2226,1994
2226,2067
2226,2225
2226,2229
2226,2240
2226,2331
2226,2346
2226,2830
2226,2831
2226,3287
2226,3334
2226,3337
2226,3435
2226,4653
2226,4667
2226,4669
2233,2232
2237,384
2238,1759
2238,1811
2230,2239
2230,1893
2230,2249
2240,378
2240,1928
2701,2260
2701,2158
2701,2080
2701,1989
2262,2701
2262,1989
2704,2264
2704,2705
2704,2268
2704,2701
2704,366
2704,2158
2704,1989
2704,2706
2704,2707
2704,2721
2265,2260
2265,2263
2265,2701
2265,282
2265,29
2265,359
2265,268
2265,2266
2266,2252
2266,2701
2266,2260
2266,2263
2266,359
2266,29
2266,268
2290,2158
2290,1989
2290,2017
2290,366
2290,2294
2295,2158
2295,10
2295,13
2295,1744
2295,1
2295,2314
2296,2158
2296,1
2296,13
2296,1744
2299,1811
2299,14
2299,2725
2300,2158
2300,238
2300,427
2300,430
2300,2295
2300,1744
2300,1989
2300,1
2300,264
2301,2408
2301,366
2301,1989
2301,15
2306,285
2306,268
2311,1
2312,2408
2312,1893
2319,2701
2298,2323
2298,14
2298,359
2298,1
2298,2302
2324,2158
2324,1
2324,328
2324,321
2325,2158
2325,1
2325,2317
2325,2320
2325,384
2325,272
2326,377
2326,384
2326,366
2328,384
2328,4147
2328,377
2328,3501
2328,2359
2329,321
2329,2158
2330,384
2330,3501
2330,366
2330,377
2330,2359
2332,384
2332,377
2332,2359
2334,384
2334,2304
2334,2359
2346,2962
2348,312
2348,254
2348,355
2358,272
2358,1
2358,4236
2359,384
2359,366
2359,15
2359,2158
2408,282
2410,2408
2410,0
2410,27
2410,1989
2418,2416
2418,29
2418,359
2418,366
2418,282
2417,366
2417,384
2424,2418
2424,2422
2424,55
2424,29
2424,384
2424,366
2424,4
2424,2429
2424,2430
2424,2473
2421,29
2421,2510
2421,2416
2421,1811
2421,2490
2421,2541
2421,2543
2421,2551
2421,2646
2421,3160
3034,2421
3034,2422
3034,272
3034,3042
3034,3043
3034,2542
3034,3033
3034,366
3034,3039
3034,3044
2435,2437
2435,2434
2435,2438
2435,2439
2435,2440
2435,2441
2435,2442
2435,2443
2435,2489
2435,2491
2435,2492
2435,2495
2435,2546
2439,2438
2440,2449
2440,2491
2440,2438
2440,2439
2440,2488
2454,359
2454,29
2454,2416
2454,2417
2454,2665
2456,2602
2456,19
2457,268
2457,115
2457,2602
2457,1759
2457,1764
2457,364
2458,2408
2458,2602
2458,2579
2438,2458
2438,2489
2438,2551
2438,2496
2480,2471
2480,4
2480,29
3198,2478
3198,3196
2503,2482
2503,1759
2503,2513
2482,2484
2482,2477
2482,1759
2482,1764
2499,4
2499,29
2500,359
2500,2518
2507,29
2507,268
2507,2513
2508,4
2508,2413
2508,268
2508,29
2508,2512
2519,3021
2519,366
2519,2602
2519,2850
2519,2571
2519,3151
2525,3213
2529,2602
2529,2535
2842,2532
2842,2725
2842,3415
2533,2677
2533,2899
2554,2539
2554,2408
2554,366
2554,2466
2554,359
2554,282
2554,2933
2554,29
2554,268
2554,2557
2550,2543
2550,2551
2550,2421
2550,2542
2550,2602
2550,366
2550,2553
2550,2565
2543,2408
2544,366
2544,1811
2544,2962
2559,2933
2559,2554
2560,364
2560,359
2560,2933
2565,2579
2565,2016
2565,2056
2565,2059
2565,2279
2565,29
2565,2602
2565,2566
2565,2646
2565,2737
2749,2565
2749,3011
2749,2725
2749,2750
2749,2764
2591,2593
2591,2590
2591,359
2595,359
2595,2590
2595,366
2597,359
2597,2602
2597,29
2600,272
2600,359
2664,2610
2664,2454
2664,2474
2664,2496
2664,2517
2664,2519
2664,2523
2664,2532
2664,2590
2664,2611
2664,2630
2664,2635
2664,2654
2664,2602
2664,378
2664,2668
2664,2738
2664,3150
2664,3152
2664,3153
2618,2612
2618,2640
2618,2522
2618,2602
2618,2603
2618,2605
2618,2606
2618,2619
2618,2642
2618,2646
2620,2602
2620,2522
2620,2528
2620,2533
2620,2540
2620,2603
2620,2605
2620,2606
2620,2610
2620,2611
2620,2612
2620,2613
2620,359
2620,2625
2620,2656
2620,2662
2620,3300
2626,2602
2626,366
2668,2635
2640,2639
2640,2642
2640,2527
2640,2635
2640,2602
2645,366
2647,2646
2674,2677
2674,2672
2674,2673
2681,2683
2697,2684
2697,2685
2697,2679
2697,2698
2697,2699
2689,366
2706,2158
2712,366
2712,2256
2712,2260
2712,2701
2712,2602
2712,268
2715,2158
2715,2701
2715,366
2719,2701
2657,2720
2657,3343
2657,3515
2730,28
2731,29
2731,359
2731,2732
2731,2730
2731,27
2731,3172
2731,3175
2731,3187
2738,366
2738,2677
2738,2725
2742,2933
2742,28
2742,2725
2742,2737
2742,2741
2742,359
2744,2933
2744,2739
2744,2741
2744,115
2744,359
2744,29
2748,2899
2748,33
2748,2033
2748,2725
2750,2725
2750,2751
2750,2755
2755,2751
2755,2759
2761,2764
2761,2836
2761,2849
2761,2870
2761,3417
2761,2725
2761,359
2761,3415
2761,2839
2761,2916
2761,3096
2761,3100
2761,3101
2765,2725
2765,2734
2765,2782
2765,2766
2765,2767
2765,2916
2196,2776
2196,2811
2196,1811
2196,3402
3232,2788
3232,3246
3232,2818
3232,2888
3232,3228
3232,27
3232,3244
3232,3356
2805,2795
2805,2916
2805,2240
2805,2800
2805,282
2805,2928
2805,2931
2805,3085
2805,3417
2796,359
2796,2782
2796,2788
2930,2799
2930,2927
2804,2800
2804,2795
2804,2796
2801,1858
2801,2887
2801,3085
2801,2795
2801,2796
2801,2820
2801,2826
2801,3407
2801,3410
2801,3411
2801,3412
2797,2804
2797,2816
2797,2782
2797,2787
2797,2795
2797,2806
2797,3249
2807,359
2807,2782
2807,2812
2817,2788
2821,2819
2821,2830
2821,3081
2821,3082
2821,3255
2821,2817
2821,2818
2821,2788
2821,2825
2821,2827
2821,2891
2821,3256
2821,3450
2822,1858
2822,2877
2822,2881
2822,2778
2822,2820
2822,2788
2823,2778
2823,1858
2823,2788
2823,3351
2844,2828
2844,2919
2844,1845
2844,2778
2844,2842
2844,2725
2844,2845
2844,2896
2828,2778
2828,2788
2846,2841
2846,3352
2846,2843
2846,3415
2846,2848
2846,2857
2846,2858
2846,3347
2846,3348
2848,2845
2848,3415
2848,3348
2774,2848
2774,29
2774,2878
2854,272
2854,2850
2854,2852
2854,2836
2855,2850
2855,2701
2856,2701
2858,2857
2858,3415
2858,2778
2858,3421
2969,2865
2974,2879
2881,3415
2881,2860
2884,2883
2884,2860
2859,2887
2970,2896
2970,2888
2970,2897
2970,2898
2970,3021
2970,3013
2899,2933
2899,359
2899,366
2899,282
2899,27
2901,2899
2901,359
2901,1800
2901,2203
2901,1989
2901,2913
3050,2904
3050,359
3050,2020
3050,2725
3050,268
3050,282
3050,1764
3050,366
3050,2017
2906,268
2906,359
2906,2899
2906,328
2906,2933
2906,1989
2911,359
2911,1989
2911,1744
2917,2933
2917,2936
2917,2951
2918,2933
2918,3024
2918,221
2918,2778
2918,2910
2918,2914
2918,2917
2918,2899
2918,2921
2918,2922
2918,2925
2918,2942
2918,3188
2922,2933
2922,2899
2938,2933
2938,2899
2938,2956
2953,2933
2953,2539
2965,29
2965,2772
2965,2961
2965,44
2965,2966
2965,2967
2965,3154
2966,29
2966,44
2968,2933
2968,2962
2968,3003
2968,1923
2968,1925
2968,2554
2979,2973
2979,2749
2979,2970
2979,2995
2979,282
2979,1759
2979,2933
2979,3006
2977,366
2977,364
2977,3021
2977,3009
2975,2980
2975,3051
2975,28
2975,366
2982,282
2982,2879
2982,2965
2982,3008
2982,3025
2988,2982
2988,2983
2988,3000
2988,3009
2988,2777
2988,2974
2988,2985
2988,282
2988,2995
2988,359
2988,2989
2988,2992
2988,2994
2988,3060
3002,2982
3002,2991
3002,359
3002,2973
3002,2985
3002,2987
3002,3007
3002,3343
2987,2408
2991,348
2991,2860
2991,282
2994,364
2994,2989
2994,282
2994,366
2994,359
2995,282
2995,3062
2777,2995
2777,2899
2777,2836
2777,1864
3511,3000
3511,3001
3511,3506
3511,1882
3511,2985
3511,3455
3511,3501
3511,282
3511,268
3000,3001
3000,2899
3000,2995
3000,1880
3000,3062
3005,366
3005,2977
3005,2899
3005,3021
3005,3009
2980,3005
2980,282
2980,2933
3010,282
3010,359
3012,364
3012,282
3014,2933
3014,3015
2978,3016
2978,2933
2978,3014
2978,3037
3019,2933
3019,2557
2050,3023
2050,3072
2050,2976
2050,2977
2263,3030
2263,2260
2263,359
2263,2268
2263,2270
2263,2271
2263,2705
3031,359
3031,2899
3031,3030
3031,1811
3031,366
2904,3031
2904,3051
2904,2899
2904,3032
2904,3052
2904,3053
2904,3056
2904,3152
3032,359
3032,115
3035,3033
3035,3042
3035,2542
3035,364
3035,3036
3039,3036
3039,3043
3039,2565
3039,2571
3039,2572
3039,2575
3039,2576
3039,2578
3039,2645
3040,3042
3040,359
3040,3036
3040,29
3040,3063
3042,2408
3042,2725
3327,3044
3327,3396
3327,3453
3046,2778
3046,2782
3053,268
3053,3050
3053,1811
3055,3072
3055,3050
3056,2850
3056,3050
3056,1811
3056,268
3084,1811
3084,4683
3084,3079
3084,2725
3084,3501
3086,44
3086,3151
3104,3100
3104,366
3104,3102
3104,1858
3112,3106
3112,3110
2973,3147
2973,29
2973,3021
2973,268
3148,3021
3149,3021
3149,1744
3149,29
3149,2796
3166,2158
3166,1989
3168,2158
3168,1811
3168,282
3169,264
3169,359
3169,2408
3169,1
3169,29
3169,28
3169,268
3171,3170
3171,3172
3173,3188
3173,3172
3173,3183
3173,3531
3229,3228
3229,3232
3229,3246
3229,27
3229,3252
3229,3256
3230,3232
3230,3228
3230,27
3230,3231
3231,3232
3231,3228
3231,27
3231,3244
3172,3237
3172,27
3172,3176
3172,3177
3172,3524
3515,3240
3515,3514
3515,2701
3515,3516
3246,2788
3246,27
3251,2782
3262,3258
3262,3375
3262,3377
3262,3380
3262,3260
3262,3261
3262,3257
3262,3266
3278,3275
3278,3280
3278,3282
3278,3276
3278,3266
3278,3279
3278,3281
3278,3293
3278,3297
3276,3266
3276,3277
3276,3283
3277,3266
3277,27
3277,3283
3381,3292
3381,3257
3381,3382
3348,3304
3348,2778
3348,2843
3348,3333
3348,3351
3410,3323
3337,3334
3337,3335
3337,3339
3337,3340
3337,3341
3337,3342
3339,3338
3346,3347
3347,2860
3349,378
3349,2850
3353,3351
3353,3348
3355,2891
3367,3366
3367,27
3367,3382
3366,3257
3209,3372
3209,3044
3209,3370
3209,3392
3209,3396
3376,3042
3376,3365
3383,3415
3383,3042
3375,3391
3375,3257
3412,3398
3412,3399
3412,3401
3412,3404
3412,3411
3412,3400
3412,3408
3402,2725
3402,3407
3409,3408
3409,3401
3437,3415
3444,3440
3444,3438
3224,3462
3466,1811
3466,3456
3468,1811
3468,3466
3468,359
3471,430
3471,1880
3475,282
3475,3213
3408,3487
3408,3397
3408,3437
3489,282
3489,2725
3489,3497
3490,2408
3490,268
3490,3489
3490,3042
3490,282
3490,366
3491,29
3491,3489
3497,3501
3497,2731
3497,27
3497,2725
3497,268
1886,3501
1886,223
1886,1826
1886,1880
1886,0
1886,3000
1886,3085
1886,3505
1886,3512
3505,1818
3505,1871
3505,366
3505,364
3504,3505
3504,1818
3504,3501
3504,366
3510,3505
3510,3509
3510,3501
4143,4140
4143,4179
4143,4226
4143,4236
4143,6
4143,1989
4143,14
4143,4145
4143,4163
4143,4181
4161,4143
4161,4147
4161,4164
4161,4192
4161,4195
4161,4196
4161,4155
4161,4160
4161,4162
4161,4171
4161,4191
4161,4193
4161,4194
4161,4198
4161,4199
4146,348
4146,268
4146,4142
4146,312
4146,384
4146,285
4146,29
4198,4165
4198,4166
4198,4188
4198,4143
4198,4146
4198,285
4198,4212
4175,366
4175,268
4179,27
4179,4140
4179,4169
4179,268
4179,272
4179,285
4179,29
4214,4179
4214,4140
4214,4181
4205,4198
4160,4199
4160,4207
4160,4213
4206,1
4208,29
4208,14
4208,285
4224,4225
4224,489
4224,14
4224,1
4226,4227
4229,14
4229,4212
4235,1
460,4236
461,4236
4236,1989
4236,4140
4236,264
4236,4147
2204,4239
2204,202
2204,401
2204,410
2204,1764
2204,1797
2204,2203
2204,2158
2204,2205
2204,2294
2204,2297
2204,2308
2204,2353
2204,4668
4239,359
4239,4238
4239,285
4239,264
4239,28
4239,0
4628,4626
4628,1759
4628,2158
4628,1893
4654,4626
4654,1776
4654,1777
4654,4643
4654,4647
4654,0
4671,4663
4671,2252
4671,4662
2453,4673
2453,2408
4674,1759
4674,4662
4674,4663
4676,14
4679,359
4679,1764
4679,237
4681,4682
4681,14
4683,4662
4683,27
4683,1989
4685,27
4685,0
4685,1
2307,4688
4692,1
4711,1759
108,0
108,1989
108,168
1744,0
1744,27
1744,29
1744,1759
1744,1811
1989,0
481,3
481,27
481,478
5,237
5,2
6,264
6,2158
6,1
6,4691
2517,9
2517,28
2517,2420
2517,2421
2517,282
2517,2518
2517,2521
2517,2522
2517,2525
2517,2738
2517,3153
2517,3217
13,1
13,1744
13,239
4209,18
19,1
22,268
22,1989
23,1893
23,312
23,1
23,29
394,24
394,392
25,29
25,282
278,26
278,216
278,268
278,277
278,364
278,1769
278,1770
278,2201
278,2206
278,2234
278,2414
278,3155
278,3156
278,3157
278,3159
278,3167
1816,26
1816,268
1816,1759
217,27
217,1811
217,2725
2743,28
2743,2725
2743,2737
2743,2739
2743,2741
2743,359
2743,364
29,1989
44,29
44,359
55,29
55,1764
58,268
58,366
2673,60
2673,63
2673,2424
2673,2428
2673,2429
2673,2431
2673,2432
2673,2441
2673,2446
2673,2447
2673,2448
2673,2449
2673,2458
2673,2460
2673,2477
2673,2481
2673,2482
2673,2486
2673,2489
2673,2490
2673,2491
2673,2492
2673,2493
2673,2494
2673,2495
2673,2496
2673,2497
2673,2499
2673,2507
2673,2531
2673,2667
2673,2676
2673,2677
2673,2697
3190,61
3190,2498
68,29
3070,68
3070,3071
119,112
119,1811
113,0
117,0
129,128
129,1811
134,0
134,1811
134,3062
134,268
134,272
139,0
151,0
151,1989
152,0
152,1989
152,2294
174,1989
176,1989
176,1811
202,27
202,2158
202,1989
208,27
360,221
360,235
360,359
360,285
360,1811
360,4679
247,237
247,268
247,285
247,29
247,303
247,309
309,237
309,348
309,312
395,237
395,285
395,29
395,366
395,1759
395,1764
395,0
395,1
419,237
419,238
419,250
419,1744
419,384
419,1943
253,239
253,378
253,254
254,239
254,312
242,237
242,312
3520,245
3520,422
3520,2872
3520,3518
3520,4660
250,237
250,1
250,380
250,400
250,450
250,1906
250,1929
250,1970
250,1990
250,2141
251,378
252,348
259,256
259,264
259,27
258,256
258,312
258,378
258,384
258,321
258,1759
258,268
258,272
258,355
269,1893
269,378
269,298
270,268
270,299
264,272
264,1744
264,1759
272,29
274,282
274,309
274,268
274,4
284,268
284,282
297,285
294,285
293,291
296,285
298,264
298,378
299,264
302,29
302,359
307,303
307,268
308,15
308,29
312,378
312,1893
312,1928
315,312
318,312
318,321
318,371
319,264
319,355
319,2158
319,1763
319,1769
355,321
328,264
328,321
328,348
328,1798
328,1744
328,1764
328,1811
328,1818
332,328
332,321
332,359
341,329
341,336
341,337
341,339
341,342
341,343
341,344
341,347
341,402
341,1758
335,1989
335,2158
335,1897
335,1908
335,1914
335,1967
335,2007
2154,335
2154,359
2154,2157
2154,2167
2154,2181
2154,2188
2154,4146
344,336
344,268
344,347
344,1758
342,366
343,366
343,359
345,309
352,364
352,366
352,312
352,378
352,1
352,353
353,312
353,359
353,366
353,422
353,1906
353,4627
4648,353
4648,361
4648,398
4648,418
4648,3121
4648,4647
4648,0
4648,359
4648,366
4649,353
4649,1897
4649,2013
4649,4647
4649,0
358,321
363,285
363,29
368,268
368,359
368,364
368,366
1950,377
1951,377
1951,1947
1951,1928
1970,380
1970,272
381,382
381,383
393,366
400,359
400,312
4144,400
4144,4148
4144,4169
4144,4170
4144,4186
4144,4208
4144,4225
4144,4231
4144,4235
402,364
402,366
402,359
413,410
413,264
3147,417
3147,2416
3147,2429
3147,1744
3147,29
418,264
418,1744
418,0
418,4641
425,420
425,268
425,384
425,321
425,1759
425,429
425,2426
423,420
423,237
423,427
422,384
422,1759
422,447
427,426
427,1759
427,0
427,29
427,430
427,437
427,442
427,444
429,430
426,429
430,27
430,1744
430,2725
430,1989
431,366
462,2410
462,268
462,359
462,366
470,465
470,264
470,2477
470,2506
469,264
469,470
475,1
476,1
477,1
477,2357
477,4239
2242,480
2242,1893
2242,348
2242,384
2242,0
2242,2778
485,486
486,359
487,312
487,268
487,328
487,29
489,1
489,264
321,1759
321,2158
1804,1772
1804,1811
1804,1759
4653,1777
4653,4647
4653,0
4653,4626
4659,1777
4659,4647
4659,0
4659,1744
1784,268
1784,359
1784,321
1784,1811
1785,359
1787,1811
1787,1824
1787,2521
1787,2534
1787,2612
1787,2614
1787,2689
1787,2840
1787,3168
1787,3275
2179,1814
2179,1864
2179,1759
1834,3501
1838,1835
1838,268
1838,359
1838,1811
1838,1841
1838,1842
1881,1836
1839,1811
1841,1811
1850,1842
1850,1811
1850,328
1848,1811
1849,1811
1854,1811
1874,1857
1874,1811
1874,328
1874,1875
1859,1858
1859,2782
1859,1866
1859,2927
1860,328
1860,1811
1860,1866
1864,1811
1864,2782
1864,2899
1864,3042
1864,3062
1880,1864
1880,1811
1880,2725
1866,1811
1868,1867
1868,1811
1868,1869
1868,1870
1868,1888
1868,3109
3503,1870
3503,3501
3503,282
3503,3505
3503,3508
1873,1811
1876,1811
1877,27
1882,268
1882,3501
2757,1883
2757,2750
2757,3369
2757,4159
1885,1884
1885,27
1885,1811
1892,1888
1892,1890
1891,1890
1894,1893
1962,1905
1907,312
1907,378
1907,384
1909,1893
1909,1989
1909,430
1910,1893
1911,1893
1914,1989
1914,1893
2113,1915
2113,1989
2113,2008
2113,2079
2113,2087
2113,1893
2113,2017
2113,1858
2113,2119
2113,2120
2113,2294
1917,2408
1917,1893
2218,1921
2218,0
2218,1989
2218,1864
2218,2249
2218,2293
1921,1989
1925,1923
1925,2211
1933,1923
1933,1928
1933,1942
1924,1928
1931,1928
1931,1932
1931,1941
1931,1943
1928,378
1928,237
1928,384
377,1928
4203,1930
4203,1931
4203,1939
4203,1947
4203,1948
4203,2211
4203,2213
4203,2349
4203,4156
4203,4183
4203,4184
4203,4204
1937,378
1937,1928
1937,4675
1939,1938
1940,1938
1940,1928
1940,378
1940,1989
1940,1945
1922,1943
1922,1964
1922,2224
1949,1947
1949,1928
1957,1928
1957,366
1961,1960
1961,377
1965,1928
1967,1928
1968,378
1972,1928
1972,2010
1972,2013
1973,1893
1976,3415
1988,1858
1988,2017
2077,1989
1997,1992
1995,1989
1998,1858
2073,1998
2073,2065
2073,2294
1999,2017
1999,1989
1999,366
1999,2001
2001,2000
2001,2017
2001,2962
2002,1989
2002,1928
2038,2002
2038,2104
2007,1989
2219,2007
2219,2028
2219,2169
2219,2202
2219,2218
2219,2223
4650,2013
4650,2081
4650,2655
4650,2677
4650,4642
4650,4647
4650,0
4650,27
4650,2933
4650,2260
4650,4652
2216,2026
2216,1928
2216,1989
2216,378
4168,2028
4168,2209
4168,2688
4168,4171
2043,2037
2043,2038
2043,2040
2043,2042
2043,2017
2043,2044
2043,2280
2043,2283
2720,2059
2720,2260
2720,2646
2720,366
2720,2602
2175,2061
2175,1989
2250,2063
2250,268
2250,1811
2072,2065
2072,1989
2072,1811
2072,2217
2160,2074
2160,2178
2089,2077
2089,1989
2084,2077
2084,378
2086,2089
2086,2077
2086,378
3121,2088
2087,2116
2119,1989
2125,282
2127,2126
2124,2128
2124,2133
2130,1989
2133,282
3210,2134
3210,2135
3210,2258
3210,2265
3210,2266
3210,2652
3210,2740
3210,2958
3210,3204
3210,3213
3210,3212
3210,3387
3210,3403
3210,3406
3210,3442
3210,3460
3210,3461
2135,2701
2138,1989
2186,2154
2186,2292
2157,359
2164,321
2164,355
2166,321
2215,2167
2215,1893
2173,2171
2171,2158
2171,2199
2174,2173
2174,1928
2178,29
2181,1989
2061,2184
2185,28
2191,2190
2716,2192
2716,2721
2194,2193
2210,2208
2210,1893
2220,1893
2220,378
2220,1928
2243,2796
2243,2860
2245,312
2246,3501
2246,1811
2247,355
2252,1989
110,2252
2258,1811
2258,4671
2259,2252
2260,2725
2260,1989
2260,2579
2726,2263
2726,28
2726,2725
2726,2729
2726,2730
2726,2969
2726,3002
2723,2271
2723,2722
2723,2701
2272,359
2284,366
2284,1989
2552,2290
2552,2542
2552,364
2552,2553
2552,2737
2297,377
2297,384
2297,366
2304,384
2304,377
2313,1893
2327,15
2327,4147
2327,384
2327,2359
2155,2328
2333,377
2345,321
2347,285
2347,29
2347,303
2347,2361
2347,4146
2347,4182
4689,2351
4689,2354
4689,272
4689,1893
4689,1
4689,0
4689,27
2352,14
2354,268
2355,1764
2355,359
2355,1759
2357,1
2349,2360
2452,2411
2452,2408
2452,2453
2452,2456
2414,268
2422,2416
2419,2416
2477,2423
2477,2464
2477,2466
2477,2472
2477,2475
2477,3133
2477,3134
2477,3136
2477,3137
2477,3138
2477,3139
2477,3140
2477,3141
2477,3145
2477,3146
2477,3147
2477,3148
2477,3150
2477,3155
2477,3158
2477,3159
2477,3160
2477,3161
2477,3162
2425,29
2425,359
2425,44
2425,366
2425,2602
2428,384
2428,2430
2428,2471
3146,2429
3146,1744
2467,2430
2467,29
2467,366
2444,2434
2444,1989
2444,2158
2444,2447
2665,2458
2665,2602
2665,2701
2676,2458
2676,2489
2675,2458
2675,2644
2675,2677
2675,2602
2493,2458
2700,2459
2700,2701
2700,3169
2468,2460
2468,2465
2468,2466
2468,366
2468,2547
2461,268
2461,4
2462,2408
2462,359
2462,364
2462,2465
2462,2485
2462,2500
2462,2502
2474,2464
2474,2602
2465,366
2464,2466
2473,2466
2473,29
2473,4
2473,2480
2536,2468
2536,2677
2469,366
2470,2471
2485,2474
2485,2602
326,2476
2494,2477
2494,2408
2494,2495
2483,366
2486,2602
2486,366
2489,1759
2489,1764
2491,2458
2448,2494
2492,2495
2496,29
2479,2496
2501,27
2501,1
2505,29
2510,1764
2510,268
2516,4662
2694,2517
2694,2535
2694,2672
2694,2673
2694,2682
2694,2688
2562,2521
2562,2561
1932,2521
2642,2526
2642,2602
2642,2644
2642,2655
2526,2602
2526,2529
2566,2528
2566,2571
2566,2604
2566,2658
2528,2602
2528,2899
2528,2532
2528,2538
2688,2535
2688,2536
2688,2537
2688,2686
2688,2693
2688,2697
2682,2536
2682,2537
2682,2677
2684,2536
2684,2537
2684,2677
2684,2682
2685,2536
2685,2537
2685,2666
2685,2677
2685,2698
2687,2536
2687,2537
2687,2682
2686,2536
2537,2677
2539,29
2539,359
2553,2933
2553,29
2553,268
2561,29
2561,2564
2561,2962
2561,3029
2563,2962
2572,2565
2568,2566
2568,2573
2568,2574
2575,2602
2576,2575
2576,2458
2577,2575
2578,2575
2579,366
2584,2579
2590,366
2590,2579
2592,2590
2592,359
2594,2590
2594,359
2596,2590
2596,359
2593,359
2593,29
2593,2594
2598,2701
2598,2458
2599,359
2601,366
2601,359
2601,2579
2601,2778
2601,2629
2621,2602
2622,2579
2629,366
2629,359
2630,2579
2631,359
2631,2458
2631,2632
2632,359
2633,2602
2633,366
2633,2634
2633,2724
2634,2602
2639,2635
2639,2602
2638,2635
2638,2636
2638,2637
2638,2602
2638,3527
2635,2636
2641,2677
2641,2642
2641,2643
2641,2680
2641,2960
2643,2677
2644,2458
2644,2933
2644,2660
2648,2646
2648,2778
2652,2651
2653,3213
2658,2602
2658,366
2658,29
2658,3257
2659,3501
2714,2662
2663,2602
2663,2667
2663,2670
2672,2673
2671,2675
2691,2690
2691,2677
2693,2694
2693,2695
2698,2677
2702,2701
2702,366
2702,2707
2702,2720
2702,2721
2705,2701
2711,2701
2718,2701
2722,2720
2722,2260
2722,2579
2724,2602
3029,2725
3029,2746
3029,2962
3029,2963
3029,2978
3029,1989
3029,29
3029,285
3029,3030
3029,3062
2737,2725
2737,27
2729,28
2732,27
2733,27
3177,2733
3177,3188
2739,2725
2739,28
2739,268
2739,2975
2740,2725
2740,3213
2740,359
2740,28
2741,2725
2745,359
2925,2746
2925,2914
2925,2921
2925,2922
2925,2956
2925,2933
2925,2926
2925,2936
2925,2937
2925,2947
2925,3062
2756,2725
2752,2756
2760,3415
2760,2725
2762,2725
2762,2885
2763,29
2763,2725
2763,2764
2764,2725
2764,1759
2766,2836
2767,2836
2769,2836
2808,2776
2808,359
2924,2777
2924,2899
2924,3062
2924,3072
2924,1811
2924,2927
2924,2931
2924,2932
2924,3005
2924,3051
2779,2725
2779,2778
3249,2782
3249,2725
3249,364
3249,2796
3249,1811
3249,3501
3247,2784
3247,3249
3247,3354
3248,2784
3248,2701
3248,3249
3248,3370
3248,3406
3248,3456
3248,3457
3248,3458
3248,3459
3248,3462
3248,3466
3248,3467
2794,2787
2794,2798
2794,3252
2794,3253
2794,3254
2791,2790
2793,1858
2920,2795
2920,2915
2920,2929
2799,3415
2811,2809
2811,2782
2811,303
2811,2853
2811,2854
2809,359
2810,29
2810,2782
2812,2782
2814,2788
3261,2816
3261,3257
3261,3266
3261,3263
3261,3264
3261,3265
2820,2818
2820,2788
2819,2788
2826,2820
2826,2788
2826,2778
2824,2788
2824,2778
2825,2788
3255,2825
3255,2788
2833,1866
2834,2788
2841,2836
2841,2860
2780,2841
2843,2725
2847,2846
2847,2836
2847,3415
2847,3348
2847,3351
2871,2860
2872,2860
2872,2873
2873,2860
2874,2860
3117,2874
2875,2860
2877,2860
2877,2778
2877,3164
2879,2860
2882,2860
2790,2883
2790,3151
2790,3153
2790,3159
2790,3160
2790,3167
2883,2860
2887,29
2887,3415
2887,3087
2893,2888
2893,2891
2890,2891
2894,2895
2894,2896
2894,2897
2894,3492
2896,2778
3001,2899
3001,3062
2915,2909
2915,2914
2919,2914
2919,1811
2919,2942
2921,2914
2921,359
2921,2933
2916,2899
2926,2922
2923,1811
2923,2927
2923,2930
2923,3062
2928,2995
2931,3062
2931,2899
2932,3062
2068,2936
2954,27
2954,2933
3072,2962
3072,1989
2971,3021
2972,3021
2972,0
2972,366
3008,2974
3008,2987
3008,3007
3008,282
3126,2974
3126,27
3126,2725
2976,3021
2985,2981
2985,3006
2984,2981
2984,282
2984,364
2984,359
2984,366
2984,3006
2986,2981
2986,282
2986,3006
2251,2982
2251,4173
2983,282
2983,2899
2983,3021
2983,2995
3003,3002
3013,27
3016,3014
3016,3042
3016,2933
3016,2956
3016,28
3017,3014
3017,3042
3015,2956
3015,359
3015,2933
3037,3033
3038,3033
3041,3042
3045,3042
3047,1989
3058,268
3062,2933
3062,1989
3075,268
3075,3062
3075,3072
3075,1759
3078,364
3079,3501
3080,359
3080,364
3080,268
3087,2725
3087,3415
3091,3094
3091,3096
3091,4642
3096,1858
3097,2725
3098,2725
3098,366
3109,3098
3109,359
3109,282
3099,2725
3099,359
3100,359
3100,2725
3119,3102
3105,2725
3105,3107
3106,2725
3106,2850
3111,3110
3111,3112
3116,2782
3123,1759
3123,2782
3123,3021
3125,2782
3131,27
3137,29
3150,29
3175,3172
3175,0
3174,27
3187,3175
3187,2836
3170,3175
3188,3176
3188,3187
3188,2796
3189,3177
3200,3179
3179,3180
3195,282
3197,3198
3206,3201
3207,3206
3207,27
3208,3206
3208,27
3211,3213
3212,3213
3213,27
3222,0
3222,3326
3225,303
3225,1811
3234,3228
3233,3213
3242,3234
3235,2788
3236,0
3236,3021
3236,2725
3236,3257
3237,3021
3240,3257
3241,0
3241,1811
3241,2725
3241,3245
3244,3241
3244,3355
3245,3244
3226,3250
3226,3251
3226,3254
3226,3388
3226,3476
3252,1866
3257,0
3266,3257
3266,0
3267,3264
3267,3266
3267,3257
3267,3285
3267,3375
3267,3377
3273,3257
3274,3257
3274,3291
3274,3292
3275,3257
3275,3276
3275,3279
3279,3266
3279,3257
3280,3266
3280,3283
3283,3257
3297,3257
3297,3266
3300,27
3300,3062
3300,3307
3302,3301
3302,27
3301,27
3301,3307
3303,3042
3305,1866
3305,3343
3318,27
3321,364
3322,27
3326,3213
3221,3326
3328,3213
3202,3328
3334,378
3343,27
3344,364
3354,3348
3354,3351
3354,3353
3354,3358
3352,3351
3352,3415
3356,2891
3356,2850
3357,2836
3362,1811
3455,3362
3455,3473
3393,3363
3393,0
3363,3042
3368,3366
3368,3367
3371,3370
3371,3042
3370,3042
3373,2778
3386,3376
3414,3376
3377,3266
3378,3257
3382,3257
3384,3257
3385,3042
3227,3388
3390,3257
3394,3393
3411,1811
3401,3413
3413,3213
3413,3414
3406,3417
3406,3423
3428,3418
3428,3415
3436,3415
3438,3440
3439,3440
3439,3444
3440,2778
3442,3443
3442,3478
3451,3450
3477,3455
3477,3213
3472,1880
3473,3474
3476,3456
3478,3213
3480,312
3487,1811
3487,29
3487,2782
3493,3489
3493,268
3492,3489
3492,3501
3495,1759
3499,3496
3500,3496
3500,28
3501,364
3516,2701
2710,3517
3523,3520
3523,4646
3521,3520
3522,3520
3524,3523
3524,0
3518,3523
3525,0
3526,0
3527,0
3528,0
4651,3529
4651,4637
4651,4647
4651,0
3531,0
4184,4143
4184,4150
4184,4238
4150,0
4158,384
4159,364
4163,4160
4163,4171
4165,4167
4165,4171
4162,4171
4164,4171
4166,4171
4178,268
4227,4179
4227,4209
4227,4211
4180,268
4180,366
4182,366
4185,282
4185,285
4193,268
4193,366
4193,364
4194,268
4195,364
4202,268
4202,285
4202,29
4210,15
4212,4662
4212,15
4212,14
4216,14
4220,4662
4233,27
4233,268
4238,268
4238,285
4238,272
4238,15
4238,1
4630,4626
4630,285
4630,29
4630,303
4630,309
4631,4626
4631,14
4631,264
4631,489
3196,4634
3192,4643
4646,0
4652,4647
4652,0
4655,4647
4655,0
4656,4647
4656,0
4657,4647
4657,0
4657,4658
4658,4647
4658,0
4660,4647
4660,0
4660,268
4661,4647
4661,0
4668,15
4668,4662
2257,4671
4672,4663
4672,4662
4673,4662
4673,1
4680,1989
4680,4662
4682,4662
4687,0
4688,285
4688,1759
4688,1798
4693,4694
4694,4662
4697,4663
4698,4663
4699,4663
4699,0
4700,0
4700,268
4700,1811
4702,4663
4702,4662
4704,4662
4705,4662
4705,4663
4706,4662
4708,0
4708,4709
4712,0
4714,2
4714,0
4719,4662
4720,4662
4721,4662
